rk,TEAM,CONF,RECORD,KADJ EM,adjo,adjo.rank,adjd,adjd.rank,adjt,adjt.rank,luck,luck.rank,sos-adjem,sos-adjem.rank,sos-oppo,sos-oppo.rank,sos-oppd,sos-oppd.rank,ncsos-adjem,ncsos-adjem.rank,seed,conference,KADJ T,adjtempo.rank,KADJ O,adjoe.rank,off-efg%,off-efg%.rank,off-to%,off-to%.rank,off-or%,off-or%.rank,off-ftrate,off-ftrate.rank,KADJ D,adjde.rank,def-efg%,def-efg%.rank,def-to%,def-to%.rank,def-or%,def-or%.rank,def-ftrate,def-ftrate.rank,tempo-adj,tempo-adj.rank,tempo-raw,tempo-raw.rank,avg. poss length-offense,avg. poss length-offense.rank,avg. poss length-defense,avg. poss length-defense.rank,off. efficiency-adj,off. efficiency-adj.rank,off. efficiency-raw,off. efficiency-raw.rank,def. efficiency-adj,def. efficiency-adj.rank,def. efficiency-raw,def. efficiency-raw.rank,avghgt,avghgt.rank,effhgt,effhgt.rank,c-hgt,c-hgt.rank,pf-hgt,pf-hgt.rank,sf-hgt,sf-hgt.rank,sg-hgt,sg-hgt.rank,pg-hgt,pg-hgt.rank,EXP,experience.rank,bench,bench.rank,CONTINUITY,continuity.rank,YEAR,BARTHAG,W,L,WIN%,GAMES
348,Abilene Christian,Slnd,11-20,-23.35,94.0,330,117.3,342,63.2,251,-.045,279,-2.67,211,104.7,159,107.4,256,+13.38,4,,Slnd,63.2,251,94.0,330,47.2,267,22.3,337,24.9,332,42.3,112,117.3,342,56.4,346,18.0,198,33.8,281,48.3,305,63.2,251,66.1,193,19.3,299,16.4,5,94.0,330,93.4,339,117.3,342,116.9,349,75.1,337,-1.1,295,-1.0,275,-1.1,302,-0.0,175,-2.8,348,-3.2,344,0.00,350,34.2,86,0.0,0,2014,0.0726579484305917,11,20,0.3548387096774194,31
252,Air Force,MWC,12-18,-7.00,99.6,269,106.6,204,63.6,236,+.056,63,+0.57,137,105.4,139,104.8,143,-9.12,346,,MWC,63.6,236,99.6,269,49.5,174,20.5,307,26.4,314,37.1,258,106.6,204,50.9,229,17.8,214,30.2,116,43.9,257,63.6,236,65.2,240,17.9,169,18.8,303,99.6,269,98.2,287,106.6,204,107.2,237,77.1,114,-0.5,241,-0.4,220,-0.6,245,-0.1,185,+1.2,68,+1.9,41,0.73,329,24.7,289,26.4,329,2014,0.3140838304674167,12,18,0.4,30
145,Akron,MAC,21-13,+2.10,105.0,184,102.9,128,64.0,216,+.073,31,-0.80,166,103.7,212,104.5,132,+0.10,158,,MAC,64.0,216,105.0,184,50.3,137,19.8,272,35.2,51,40.4,169,102.9,128,47.9,106,19.5,94,32.5,236,36.1,85,64.0,216,65.6,219,18.3,212,18.2,228,105.0,184,103.3,203,102.9,128,101.0,91,77.9,35,+0.8,68,+1.1,56,+0.6,101,+2.3,7,+2.9,8,-0.8,248,1.39,214,39.6,23,54.2,157,2014,0.5578229212667134,21,13,0.6176470588235294,34
86,Alabama,SEC,13-19,+8.54,107.8,128,99.2,63,62.0,301,-.091,339,+9.14,19,110.3,10,101.2,42,+5.93,37,,SEC,62.0,301,107.8,128,49.4,178,18.3,172,30.0,225,44.0,75,99.2,63,47.0,72,19.3,100,34.5,301,41.3,196,62.0,301,64.1,286,18.9,263,18.2,231,107.8,128,102.9,211,99.2,63,103.9,145,77.1,112,+0.9,60,+1.3,52,+0.5,106,+0.6,99,-0.1,183,-0.1,186,1.96,57,29.3,197,58.9,109,2014,0.722341466036653,13,19,0.40625,32
306,Alabama A&M,SWAC,14-16,-13.83,92.0,343,105.8,183,64.3,195,+.025,124,-10.94,348,98.7,347,109.7,328,+4.90,53,,SWAC,64.3,195,92.0,343,46.3,309,19.7,270,27.6,293,41.6,136,105.8,183,45.2,23,20.2,53,34.2,294,54.6,342,64.3,195,66.3,184,18.4,218,17.4,84,92.0,343,95.1,328,105.8,183,100.0,70,75.4,325,-0.1,178,+1.5,44,-1.7,323,-0.7,245,-1.5,308,-3.9,347,2.13,35,41.6,7,79.2,12,2014,0.1669690490436708,14,16,0.4666666666666667,30
298,Alabama St.,SWAC,19-13,-13.22,97.3,300,110.5,271,65.9,109,+.096,11,-12.01,351,97.5,351,109.5,323,-4.44,293,,SWAC,65.9,109,97.3,300,45.5,326,17.6,128,33.6,98,40.7,158,110.5,271,49.7,170,21.4,24,35.0,315,40.0,160,65.9,109,67.5,126,16.8,50,18.2,218,97.3,300,100.7,254,110.5,271,102.9,118,74.8,347,-1.5,327,-2.3,344,-0.8,267,+0.5,115,-3.5,351,-3.2,343,0.75,327,27.6,238,32.8,309,2014,0.18801042082954442,19,13,0.59375,32
181,Albany,AE,19-15,-1.04,102.9,217,103.9,148,61.6,314,+.002,181,-5.12,270,101.5,311,106.6,224,+0.91,135,16,AE,61.6,314,102.9,217,48.8,203,19.7,271,31.9,162,42.0,118,103.9,148,48.3,116,18.3,172,28.3,42,29.1,6,61.6,314,63.1,323,19.4,303,18.5,270,102.9,217,103.4,202,103.9,148,100.4,79,77.0,130,+0.4,118,+0.6,104,+0.2,134,+1.3,48,+1.7,29,-2.5,334,1.40,212,19.2,344,51.0,183,2014,0.4722237673290466,19,15,0.5588235294117647,34
324,Alcorn St.,SWAC,12-19,-16.47,93.4,335,109.8,262,62.0,300,-.013,215,-9.32,343,99.5,342,108.9,308,+6.45,32,,SWAC,62.0,300,93.4,335,45.2,334,17.8,134,28.6,267,41.4,141,109.8,262,49.5,164,19.1,115,34.5,306,41.4,198,62.0,300,63.8,293,19.9,328,17.6,115,93.4,335,95.3,323,109.8,262,104.9,173,77.6,55,+0.8,74,+0.9,71,+0.7,86,+0.8,88,+1.3,53,+0.9,111,0.72,334,36.2,56,46.2,223,2014,0.13466277289332418,12,19,0.3870967741935484,31
120,American,Pat,20-13,+4.57,103.4,206,98.9,61,59.7,343,+.007,165,-2.59,208,103.6,218,106.2,210,-0.10,163,15,Pat,59.7,343,103.4,206,55.8,7,23.1,345,26.5,312,35.0,301,98.9,61,46.4,52,19.7,79,29.7,101,40.7,176,59.7,343,60.7,343,20.4,338,19.2,337,103.4,206,103.6,199,98.9,61,97.4,33,76.4,206,-0.0,174,+0.7,90,-0.7,259,+0.3,138,+1.7,32,-3.2,342,1.66,135,20.2,334,44.1,235,2014,0.6252051015783844,20,13,0.6060606060606061,33
331,Appalachian St.,SC,9-21,-18.63,92.0,341,110.7,273,64.7,173,-.033,251,-7.65,320,102.0,299,109.7,329,+3.40,66,,SC,64.7,173,92.0,341,44.2,343,18.8,215,33.5,101,41.1,151,110.7,273,52.7,302,18.9,132,31.5,176,43.1,239,64.7,173,66.4,178,18.3,211,17.5,106,92.0,341,95.9,318,110.7,273,108.1,253,75.6,311,-0.7,264,-1.1,283,-0.2,205,-1.2,300,-0.7,246,-2.2,319,1.29,240,31.4,157,57.7,119,2014,0.10641399170949542,9,21,0.3,30
2,Arizona,P12,33-5,+30.11,116.5,20,86.4,1,62.8,272,+.014,151,+9.30,17,109.9,20,100.6,18,+1.62,113,1,P12,62.8,272,116.5,20,51.7,75,15.7,30,36.4,27,41.0,154,86.4,1,42.3,1,19.1,118,27.3,13,34.2,55,62.8,272,64.1,284,17.6,135,19.9,349,116.5,20,112.5,33,86.4,1,90.0,2,77.8,39,+1.9,16,+2.1,16,+1.6,27,+0.6,100,+0.3,131,+1.1,98,1.51,175,24.5,291,37.8,278,2014,0.96885289144048,33,5,0.868421052631579,38
39,Arizona St.,P12,21-12,+14.82,111.2,67,96.4,41,67.4,58,+.003,180,+7.50,47,108.6,53,101.1,41,-2.60,234,10,P12,67.4,58,111.2,67,52.4,51,16.3,53,24.5,338,42.5,101,96.4,41,46.3,51,17.0,252,30.2,114,37.3,110,67.4,58,69.1,66,16.6,46,18.1,201,111.2,67,107.4,106,96.4,41,98.9,55,77.4,83,+2.2,9,+4.3,4,+0.1,162,+0.1,163,+1.1,71,-2.0,313,1.86,82,19.5,340,48.1,211,2014,0.837871847152718,21,12,0.6363636363636364,33
44,Arkansas,SEC,22-12,+14.14,111.1,71,96.9,44,70.7,7,-.033,252,+5.04,84,107.5,84,102.5,85,-5.18,305,3,SEC,70.7,7,111.1,71,50.1,141,15.7,32,31.8,165,40.2,177,96.9,44,46.2,45,23.2,8,36.6,342,43.0,231,70.7,7,72.4,9,15.3,12,17.9,170,111.1,71,108.8,76,96.9,44,97.5,35,77.4,89,+0.5,110,+0.9,68,+0.1,167,+1.0,73,+0.9,86,+0.5,144,1.42,205,41.7,6,54.5,151,2014,0.8281594283359024,22,12,0.6470588235294118,34
219,Arkansas Little Rock,SB,15-17,-4.70,101.1,243,105.8,184,66.3,95,+.060,52,-0.35,156,104.6,164,105.0,151,+7.34,26,,SB,66.3,95,101.1,243,46.0,318,19.0,232,31.3,176,41.5,139,105.8,184,49.9,182,18.4,168,30.4,120,50.2,323,66.3,95,68.4,87,17.4,115,17.5,102,101.1,243,99.6,270,105.8,184,105.3,181,76.5,192,+0.7,89,+1.0,63,+0.3,126,-0.3,207,-1.4,302,-0.7,238,1.25,254,37.5,39,66.3,60,2014,0.3722527579880618,15,17,0.46875,32
326,Arkansas Pine Bluff,SWAC,13-18,-17.01,91.7,344,108.7,244,65.0,159,+.089,16,-7.26,312,100.4,331,107.7,267,+12.22,7,,SWAC,65.0,159,91.7,344,47.0,277,22.3,338,29.2,247,41.1,152,108.7,244,54.0,328,23.9,4,33.4,272,50.7,326,65.0,159,67.6,124,17.6,139,17.4,78,91.7,344,93.0,342,108.7,244,105.8,198,76.1,264,-0.1,185,-0.8,258,+0.6,98,-1.2,304,-1.4,305,-0.3,196,1.32,234,28.8,209,53.3,165,2014,0.12392249090079045,13,18,0.41935483870967744,31
161,Arkansas St.,SB,19-13,+0.59,106.6,143,106.0,188,66.6,85,+.003,176,-3.49,231,103.0,257,106.5,221,-4.87,298,,SB,66.6,85,106.6,143,52.3,57,17.7,130,26.9,303,42.4,105,106.0,188,48.4,118,18.2,178,31.5,178,36.1,84,66.6,85,69.0,67,17.0,75,17.7,130,106.6,143,106.8,125,106.0,188,103.1,124,76.6,173,+0.6,103,+0.8,75,+0.3,131,+0.5,120,-1.9,324,-0.3,196,2.46,13,27.7,234,49.9,196,2014,0.5162220052234877,19,13,0.59375,32
228,Army,Pat,15-16,-5.31,105.1,181,110.4,269,67.0,64,+.016,145,-4.44,247,102.3,287,106.7,228,-8.02,338,,Pat,67.0,64,105.1,181,51.1,105,18.9,224,32.0,156,32.6,333,110.4,269,52.4,291,19.9,66,33.5,274,35.3,65,67.0,64,68.2,100,16.1,21,19.1,326,105.1,181,105.5,153,110.4,269,107.7,247,76.9,141,-0.3,206,+0.2,143,-0.7,256,-0.7,246,+0.5,112,+1.8,46,1.13,285,39.0,28,57.2,123,2014,0.36221221262922143,15,16,0.4838709677419355,31
122,Auburn,SEC,14-16,+4.39,109.8,95,105.4,174,66.0,108,-.025,237,+4.61,93,106.8,103,102.2,77,-7.93,337,,SEC,66.0,108,109.8,95,48.9,202,17.9,139,31.8,164,44.1,73,105.4,174,49.8,174,18.8,141,33.2,262,48.7,310,66.0,108,67.7,116,17.1,83,18.0,197,109.8,95,105.7,149,105.4,174,106.2,209,76.6,178,+0.7,86,+1.7,32,-0.3,216,-0.5,225,-0.2,189,-1.3,273,1.36,221,24.8,286,28.7,319,2014,0.6154608586773782,14,16,0.4666666666666667,30
287,Austin Peay,OVC,12-18,-11.64,99.6,270,111.2,281,68.9,23,+.012,155,-6.73,303,103.9,197,110.6,349,-5.37,307,,OVC,68.9,23,99.6,270,52.6,44,21.4,321,29.6,237,49.3,25,111.2,281,53.3,315,19.9,67,35.1,318,34.9,60,68.9,23,71.9,12,16.9,60,16.6,9,99.6,270,103.8,190,111.2,281,110.0,293,76.0,280,-0.9,284,-1.2,297,-0.7,257,-0.7,242,-0.1,180,-1.0,254,1.36,220,29.3,196,56.0,136,2014,0.21978246705964416,12,18,0.4,30
49,BYU,WCC,23-12,+13.77,114.5,31,100.7,93,70.8,6,-.004,194,+6.59,60,109.6,26,103.0,98,+8.43,17,10,WCC,70.8,6,114.5,31,50.6,123,15.3,23,34.9,61,47.6,37,100.7,93,49.1,140,16.6,284,28.6,50,36.8,100,70.8,6,73.5,6,13.9,1,18.7,295,114.5,31,112.0,37,100.7,93,104.0,148,77.7,47,+1.2,43,+1.5,42,+0.8,83,+0.7,91,+0.9,92,+1.4,73,1.59,154,29.1,204,48.5,205,2014,0.8141089976332331,23,12,0.6571428571428571,35
296,Ball St.,MAC,5-25,-13.09,96.5,305,109.6,259,65.9,112,-.022,230,+1.59,119,105.1,148,103.5,102,+4.95,50,,MAC,65.9,112,96.5,305,46.6,291,25.0,351,34.0,82,42.6,100,109.6,259,51.5,257,16.3,294,30.4,119,45.4,278,65.9,112,66.9,153,18.2,203,17.3,59,96.5,305,93.7,336,109.6,259,109.9,287,75.7,307,-1.0,291,-0.8,256,-1.2,307,-0.7,246,-0.0,175,-2.4,330,1.60,151,27.6,237,50.6,187,2014,0.18787381144851864,5,25,0.16666666666666666,30
26,Baylor,B12,26-12,+19.39,118.9,10,99.5,70,61.3,319,+.012,157,+10.31,7,111.0,3,100.6,20,-0.36,171,6,B12,61.3,319,118.9,10,51.3,91,17.8,136,40.1,3,44.8,59,99.5,70,48.7,125,15.8,316,32.0,213,32.3,33,61.3,319,63.8,294,19.0,279,18.4,256,118.9,10,113.9,18,99.5,70,105.0,177,77.7,51,+2.2,10,+2.9,10,+1.5,31,+1.4,40,-0.5,228,-0.4,222,1.74,115,29.9,180,60.5,100,2014,0.8857898271563699,26,12,0.6842105263157895,38
97,Belmont,OVC,26-10,+7.10,113.9,36,106.8,207,67.7,47,+.058,57,-1.37,176,104.9,153,106.3,215,+5.34,43,5,OVC,67.7,47,113.9,36,57.6,2,18.6,193,28.2,273,41.2,149,106.8,207,52.0,280,20.5,43,33.3,270,42.9,229,67.7,47,69.5,51,16.8,56,17.5,98,113.9,36,114.1,17,106.8,207,106.5,217,77.0,126,-0.2,197,-0.3,212,-0.1,182,+0.9,85,+0.2,155,+1.0,108,1.58,160,27.8,232,42.2,250,2014,0.6770338724055385,26,10,0.7222222222222222,36
337,Bethune Cookman,MEAC,7-25,-20.31,96.5,306,116.8,341,60.7,332,-.061,313,-6.73,301,100.4,332,107.1,249,+0.62,143,,MEAC,60.7,332,96.5,306,45.8,323,19.7,266,31.8,166,34.1,315,116.8,341,51.7,263,19.7,76,38.7,350,53.4,335,60.7,332,62.5,336,20.2,337,18.1,204,96.5,306,97.6,293,116.8,341,112.6,327,75.6,312,-1.1,298,-1.0,269,-1.2,306,-2.4,343,-1.5,311,+0.7,128,0.75,326,33.9,93,10.7,347,2014,0.10014804505237264,7,25,0.21875,32
333,Binghamton,AE,7-23,-19.39,91.7,346,111.1,278,64.2,208,-.018,222,-6.61,298,100.9,327,107.5,260,-2.77,238,,AE,64.2,208,91.7,346,43.9,346,21.5,324,29.1,252,44.2,70,111.1,278,52.8,305,19.8,72,32.4,229,40.8,183,64.2,208,65.6,215,18.6,241,17.8,160,91.7,346,92.2,346,111.1,278,107.5,244,75.5,317,-0.6,259,-0.5,225,-0.8,284,-1.1,294,-2.2,337,-1.1,261,0.86,319,33.5,104,40.3,261,2014,0.0991284991010817,7,23,0.23333333333333334,30
73,Boise St.,MWC,21-13,+10.53,114.6,29,104.1,152,63.9,219,-.056,306,+3.28,106,107.0,101,103.7,107,+0.38,150,,MWC,63.9,219,114.6,29,51.8,71,14.9,18,32.6,131,36.7,271,104.1,152,51.3,249,16.9,258,26.5,8,41.3,197,63.9,219,65.4,229,18.6,240,18.3,239,114.6,29,112.7,30,104.1,152,105.7,196,76.9,136,-0.5,236,-0.4,215,-0.5,242,-0.2,197,+0.3,131,+2.1,31,2.30,23,27.1,250,82.8,7,2014,0.7512148511411577,21,13,0.6176470588235294,34
142,Boston College,ACC,8-24,+2.44,114.3,32,111.8,294,61.2,321,-.073,328,+10.29,8,109.8,22,99.5,4,+8.59,16,,ACC,61.2,321,114.3,32,52.1,63,17.4,105,27.1,299,44.5,66,111.8,294,52.1,283,15.0,337,35.1,317,41.5,202,61.2,321,62.7,331,20.0,330,18.3,244,114.3,32,107.5,105,111.8,294,116.4,345,77.8,38,+1.1,50,+0.8,82,+1.3,38,+0.3,133,+1.3,53,+2.0,32,1.91,68,28.5,220,79.0,13,2014,0.5632401564599007,8,24,0.25,32
126,Boston University,Pat,24-11,+3.82,106.3,153,102.5,123,65.1,153,+.077,27,-2.58,207,103.4,225,106.0,202,+3.22,70,7,Pat,65.1,153,106.3,153,52.3,54,17.6,120,28.1,279,29.9,346,102.5,123,49.8,175,20.4,44,29.8,103,31.5,26,65.1,153,65.8,204,17.5,131,18.6,291,106.3,153,106.4,134,102.5,123,100.3,75,75.6,310,-0.9,281,-1.8,326,-0.0,179,-0.3,209,-1.3,300,-1.8,302,2.32,21,29.8,185,87.6,1,2014,0.603155038847581,24,11,0.6857142857142857,35
207,Bowling Green,MAC,12-20,-3.90,93.0,337,96.9,45,65.0,157,-.028,245,-0.21,154,104.1,187,104.3,121,+0.10,159,,MAC,65.0,157,93.0,337,45.5,327,22.1,335,30.3,215,36.3,278,96.9,45,47.3,80,20.5,42,31.2,164,38.5,133,65.0,157,66.5,170,17.5,132,18.1,203,93.0,337,91.6,348,96.9,45,96.4,25,77.1,116,+0.8,69,+0.8,84,+0.9,76,+1.3,57,-1.3,299,+0.5,147,1.08,297,16.7,348,34.3,302,2014,0.3840435522039831,12,20,0.375,32
214,Bradley,MVC,12-20,-4.38,100.2,264,104.6,163,62.5,284,-.050,293,-1.70,183,104.4,176,106.1,203,-7.33,332,,MVC,62.5,284,100.2,264,46.4,303,18.7,210,32.3,145,36.5,275,104.6,163,50.0,184,20.2,54,31.1,152,43.4,244,62.5,284,63.8,292,19.1,283,18.2,234,100.2,264,99.7,266,104.6,163,104.0,150,77.2,107,+0.0,172,-0.6,235,+0.6,103,+0.6,106,+0.6,107,+1.3,79,1.58,158,23.5,309,41.2,255,2014,0.37890073124901624,12,20,0.375,32
162,Brown,Ivy,15-14,+0.59,101.1,246,100.5,87,68.3,36,-.118,348,-3.89,238,102.2,292,106.1,208,-6.73,326,,Ivy,68.3,36,101.1,246,48.3,226,18.7,200,30.8,199,35.6,294,100.5,87,44.6,17,16.7,275,28.2,39,37.3,108,68.3,36,69.2,58,16.4,36,18.2,219,101.1,246,101.0,248,100.5,87,97.3,30,76.7,166,-0.0,175,-0.4,222,+0.4,115,+0.8,87,-0.7,262,-0.0,175,1.59,155,27.0,252,42.3,246,2014,0.5171064665600323,15,14,0.5172413793103449,29
196,Bryant,NEC,18-14,-2.54,106.0,161,108.5,239,65.3,141,+.029,113,-4.92,265,102.2,291,107.1,251,+2.74,84,,NEC,65.3,141,106.0,161,52.5,46,18.1,151,29.0,257,37.1,259,108.5,239,50.0,184,18.0,200,34.1,291,32.8,37,65.3,141,67.6,123,17.4,108,17.9,182,106.0,161,107.1,117,108.5,239,106.1,207,75.8,292,-2.1,347,-2.6,348,-1.6,322,-1.1,288,-0.1,184,+1.2,90,2.37,16,17.6,347,72.6,28,2014,0.4333791495622763,18,14,0.5625,32
160,Bucknell,Pat,16-14,+0.91,103.0,214,102.1,113,62.9,267,-.042,268,-2.59,209,103.4,230,106.0,200,+2.46,91,,Pat,62.9,267,103.0,214,48.9,197,16.8,72,29.0,256,31.7,340,102.1,113,47.9,105,14.3,346,24.4,2,31.8,27,62.9,267,63.7,300,19.5,306,18.0,189,103.0,214,103.6,198,102.1,113,100.5,82,76.4,208,-1.0,285,-1.2,294,-0.8,279,-0.1,183,+0.6,109,+0.1,164,1.60,152,35.0,73,48.8,202,2014,0.5252103599774959,16,14,0.5333333333333333,30
101,Buffalo,MAC,19-10,+6.36,109.7,96,103.4,138,66.6,82,-.033,253,-2.39,201,101.7,308,104.1,113,-1.24,199,,MAC,66.6,82,109.7,96,50.2,140,18.5,190,35.1,52,41.8,127,103.4,138,47.1,74,19.2,108,31.4,170,36.3,89,66.6,82,67.7,118,17.3,101,18.0,196,109.7,96,108.0,90,103.4,138,99.2,60,76.5,189,-0.5,239,-1.2,298,+0.2,134,-0.9,272,-0.2,186,+1.0,100,1.96,56,23.6,308,50.0,194,2014,0.6637745540813772,19,10,0.6551724137931034,29
99,Butler,BE,14-17,+6.74,106.0,160,99.3,64,61.9,304,-.056,307,+6.79,59,108.8,47,102.0,68,-3.05,256,,BE,61.9,304,106.0,160,47.3,265,15.3,24,30.4,207,37.7,252,99.3,64,50.1,192,17.7,216,28.5,46,31.4,24,61.9,304,64.0,290,19.0,273,18.4,267,106.0,160,102.3,222,99.3,64,102.9,117,77.3,100,+0.2,148,-0.1,184,+0.5,109,+1.3,48,+2.4,13,-1.1,263,1.44,200,22.0,327,50.1,193,2014,0.679369439620274,14,17,0.45161290322580644,31
176,Cal Poly,BW,14-20,-0.82,103.6,202,104.4,159,58.8,347,-.044,276,+2.38,111,107.4,89,105.0,158,+10.19,9,16,BW,58.8,347,103.6,202,46.0,317,14.7,11,30.9,197,33.2,328,104.4,159,49.3,151,18.0,199,33.2,265,42.9,230,58.8,347,60.7,344,20.5,340,18.7,301,103.6,202,102.1,227,104.4,159,106.7,223,76.2,246,-0.2,205,-0.8,254,+0.2,134,-0.1,189,-1.6,313,-0.3,196,1.47,186,40.6,11,53.9,159,2014,0.4778989171612478,14,20,0.4117647058823529,34
225,Cal St. Bakersfield,WAC,13-19,-5.12,100.8,250,105.9,186,63.6,232,-.088,337,-4.84,263,103.2,245,108.0,277,-3.13,259,,WAC,63.6,232,100.8,250,49.5,172,21.0,319,34.3,74,38.8,222,105.9,186,49.0,136,19.0,122,31.5,177,52.5,332,63.6,232,65.8,208,19.6,311,16.9,18,100.8,250,102.9,210,105.9,186,103.8,141,75.4,327,-0.2,195,+0.4,119,-0.8,280,-2.4,347,-2.6,344,-1.1,259,1.70,122,34.4,81,37.7,280,2014,0.3617898001890352,13,19,0.40625,32
249,Cal St. Fullerton,BW,11-20,-6.64,100.9,249,107.5,221,65.5,132,-.021,229,-1.70,182,104.1,188,105.8,189,-1.50,207,,BW,65.5,132,100.9,249,48.1,237,17.8,133,29.1,249,38.1,243,107.5,221,50.7,219,17.0,253,29.1,70,45.9,283,65.5,132,66.8,163,18.1,191,17.8,153,100.9,249,100.5,258,107.5,221,106.4,215,76.3,229,-1.2,308,-1.4,307,-1.1,297,-0.5,226,+0.1,164,+1.0,106,1.61,149,33.2,113,27.9,322,2014,0.32549091764487553,11,20,0.3548387096774194,31
223,Cal St. Northridge,BW,17-18,-5.10,106.3,151,111.4,287,67.5,54,+.029,114,-3.53,232,103.6,219,107.1,247,-6.09,316,,BW,67.5,54,106.3,151,48.9,201,18.2,166,33.1,113,48.8,29,111.4,287,52.1,284,17.3,237,31.2,160,41.9,208,67.5,54,68.5,82,16.9,61,18.1,212,106.3,151,107.1,114,111.4,287,109.7,282,76.6,169,-0.4,221,-0.6,234,-0.2,198,+1.1,64,-0.5,222,-0.2,192,1.94,63,22.7,320,67.9,46,2014,0.36844036959936755,17,18,0.4857142857142857,35
60,California,P12,21-14,+12.00,111.7,63,99.7,74,64.6,178,+.016,142,+7.57,46,109.0,41,101.5,54,-0.27,168,2,P12,64.6,178,111.7,63,50.7,119,15.1,21,29.6,240,35.6,295,99.7,74,46.9,66,15.1,336,29.8,104,33.7,48,64.6,178,66.5,169,17.2,92,18.5,279,111.7,63,107.8,95,99.7,74,103.0,120,78.3,18,+1.2,38,+1.1,57,+1.4,34,+0.9,81,+1.7,30,+2.9,8,1.88,77,28.7,213,64.8,68,2014,0.7870085074890655,21,14,0.6,35
327,Campbell,BSth,12-20,-17.42,98.5,285,115.9,334,61.9,303,+.059,56,-7.63,318,102.6,277,110.3,344,-3.55,273,,BSth,61.9,303,98.5,285,51.3,92,20.3,300,31.0,187,27.4,351,115.9,334,52.0,279,16.0,306,36.2,338,37.0,103,61.9,303,63.8,295,19.0,272,18.4,268,98.5,285,102.7,215,115.9,334,113.2,331,76.9,139,-0.9,280,-1.0,278,-0.8,267,+1.1,66,+1.4,48,+0.4,148,1.05,303,32.7,124,50.2,191,2014,0.13345857040804604,12,20,0.375,32
124,Canisius,MAAC,21-13,+4.14,112.5,53,108.3,233,65.3,140,+.022,129,-1.19,171,104.9,155,106.1,205,+1.69,112,,MAAC,65.3,140,112.5,53,52.7,41,16.5,62,32.3,142,38.0,248,108.3,233,50.9,230,19.7,75,36.7,343,35.3,68,65.3,140,68.3,95,17.4,125,17.8,164,112.5,53,112.6,32,108.3,233,107.9,249,76.8,152,+0.1,155,+0.7,92,-0.4,227,-1.4,314,+0.2,156,+1.3,76,2.03,46,24.7,288,45.9,227,2014,0.6076757524525421,21,13,0.6176470588235294,34
329,Central Arkansas,Slnd,8-21,-17.82,95.3,319,113.1,319,70.7,8,-.009,206,-5.95,289,102.8,268,108.8,297,+0.51,146,,Slnd,70.7,8,95.3,319,49.3,182,20.3,294,28.0,283,38.2,241,113.1,319,52.0,277,19.2,113,37.8,348,49.0,313,70.7,8,73.2,8,15.3,11,17.5,92,95.3,319,96.9,306,113.1,319,111.2,317,75.9,283,-1.6,333,-2.0,336,-1.3,310,-0.4,213,+0.3,131,-0.5,226,1.00,308,39.7,20,44.0,236,2014,0.12246521304310856,8,21,0.27586206896551724,29
305,Central Connecticut,NEC,11-19,-13.65,97.4,299,111.1,277,68.4,32,+.071,34,-5.85,285,101.2,321,107.1,245,-2.52,229,,NEC,68.4,32,97.4,299,48.1,234,19.9,274,28.8,264,29.6,347,111.1,277,50.9,228,18.2,184,36.4,340,34.2,54,68.4,32,70.5,29,16.1,22,17.6,120,97.4,299,98.5,285,111.1,277,108.1,255,75.8,291,-1.0,290,-1.7,321,-0.3,218,-0.7,243,-1.5,309,-0.0,176,1.44,196,36.1,57,47.5,216,2014,0.18042783106624014,11,19,0.36666666666666664,30
286,Central Michigan,MAC,10-21,-11.43,106.3,155,117.7,343,63.7,228,+.004,175,-3.18,226,102.0,301,105.2,163,-7.84,336,,MAC,63.7,228,106.3,155,49.3,183,16.6,63,29.1,254,37.1,261,117.7,343,57.0,348,19.5,90,32.1,217,39.7,157,63.7,228,65.1,244,19.0,277,17.8,162,106.3,155,105.2,162,117.7,343,114.6,339,75.9,282,-0.6,255,-1.1,286,-0.1,187,-0.2,199,-0.7,245,-1.7,291,1.08,298,25.0,280,57.6,120,2014,0.23657531119575592,10,21,0.3225806451612903,31
220,Charleston Southern,BSth,13-18,-4.88,106.1,158,111.0,275,65.7,121,-.182,351,-5.51,276,103.3,236,108.8,301,+6.90,27,,BSth,65.7,121,106.1,158,51.3,93,16.1,45,29.9,229,34.7,304,111.0,275,51.9,273,16.9,261,29.6,89,38.4,132,65.7,121,68.2,99,17.0,68,18.0,192,106.1,158,109.3,71,111.0,275,108.5,265,75.2,332,-1.3,311,-1.5,312,-1.1,301,-1.1,292,-1.1,284,-2.4,331,1.81,95,34.7,76,63.6,80,2014,0.3730384329465813,13,18,0.41935483870967744,31
171,Charlotte,CUSA,17-14,-0.54,102.7,221,103.2,136,67.5,49,+.046,79,-2.15,194,103.1,251,105.3,170,-2.97,250,,CUSA,67.5,49,102.7,221,49.7,163,21.0,318,33.8,90,39.5,195,103.2,136,49.2,147,17.4,235,29.7,99,36.1,83,67.5,49,69.7,45,16.6,43,17.6,122,102.7,221,101.8,234,103.2,136,101.7,100,77.2,106,+0.6,98,+1.3,53,-0.1,185,-0.7,246,+1.1,73,+0.9,114,1.46,189,29.3,198,52.4,176,2014,0.4860405123692842,17,14,0.5483870967741935,31
279,Chattanooga,SC,18-15,-9.48,100.6,253,110.1,264,66.8,74,+.054,66,-9.02,340,101.1,322,110.2,341,-3.00,252,,SC,66.8,74,100.6,253,47.7,249,18.7,205,33.7,94,44.1,72,110.1,264,51.3,250,18.2,180,33.2,263,35.4,70,66.8,74,69.2,56,16.9,64,17.6,121,100.6,253,103.6,197,110.1,264,106.8,224,76.5,191,-1.7,338,-2.1,339,-1.3,309,-0.1,177,+1.1,75,+1.4,72,1.24,257,32.9,118,63.4,83,2014,0.26158957381341874,18,15,0.5454545454545454,33
284,Chicago St.,WAC,13-19,-11.26,98.1,291,109.4,255,67.8,44,+.069,35,-2.57,205,103.3,235,105.9,194,+2.79,83,,WAC,67.8,44,98.1,291,46.8,282,17.1,85,27.0,302,33.8,320,109.4,255,52.5,297,22.1,13,37.0,346,53.6,336,67.8,44,69.2,61,17.2,96,17.4,81,98.1,291,97.8,291,109.4,255,109.4,273,75.9,286,-1.4,318,-1.3,301,-1.5,316,-1.0,285,+0.3,131,-0.4,220,1.45,191,29.5,192,64.1,77,2014,0.22204812638019103,13,19,0.40625,32
27,Cincinnati,Amer,27-7,+19.24,109.7,98,90.4,9,61.1,328,+.036,97,+4.72,92,107.3,93,102.6,88,-4.57,294,5,Amer,61.1,328,109.7,98,47.7,251,17.4,109,39.1,8,38.7,223,90.4,9,44.8,19,22.4,12,32.3,226,36.0,81,61.1,328,63.6,306,19.0,280,18.6,290,109.7,98,107.0,120,90.4,9,92.2,9,77.5,58,+0.1,157,-0.1,183,+0.3,120,+1.0,72,+1.1,77,+2.0,34,1.74,116,32.2,137,56.0,137,2014,0.9024993256535829,27,7,0.7941176470588235,34
51,Clemson,ACC,23-13,+13.35,107.1,136,93.7,17,58.7,348,+.008,163,+5.98,68,108.5,56,102.6,87,-6.67,325,3,ACC,58.7,348,107.1,136,47.4,263,18.2,163,33.8,91,36.1,284,93.7,17,43.9,5,17.3,240,32.5,231,28.6,5,58.7,348,59.9,349,20.1,333,19.7,347,107.1,136,103.9,189,93.7,17,95.8,19,77.1,121,+0.8,70,+1.1,59,+0.6,104,+0.8,90,-0.3,201,-0.2,195,1.28,244,31.5,153,59.7,105,2014,0.8230493182679594,23,13,0.6388888888888888,36
85,Cleveland St.,Horz,21-12,+8.67,110.6,80,102.0,111,62.4,287,-.052,299,+0.62,134,105.4,135,104.8,146,+1.70,111,,Horz,62.4,287,110.6,80,52.7,42,19.3,251,32.2,149,37.5,254,102.0,111,47.8,101,19.3,99,31.7,194,44.2,262,62.4,287,64.7,265,19.7,314,17.5,91,110.6,80,109.5,65,102.0,111,101.8,102,75.6,314,-0.8,278,-1.4,304,-0.2,194,-0.9,280,-0.3,196,-2.8,338,1.83,88,25.9,268,56.9,124,2014,0.7172565569380834,21,12,0.6363636363636364,33
221,Coastal Carolina,BSth,21-13,-4.98,98.2,290,103.2,133,65.6,125,+.040,89,-8.10,332,102.1,297,110.2,342,-4.94,301,16,BSth,65.6,125,98.2,290,48.0,241,20.2,286,34.2,76,38.6,227,103.2,133,47.5,87,18.3,169,29.3,79,39.6,156,65.6,125,68.2,102,17.8,152,17.3,62,98.2,290,102.0,229,103.2,133,100.3,74,76.7,162,-0.2,203,+0.0,165,-0.5,240,-0.4,215,+0.5,119,+0.5,142,1.17,275,30.4,169,56.1,133,2014,0.3609783539748324,21,13,0.6176470588235294,34
184,Colgate,Pat,13-18,-1.28,108.5,117,109.7,261,62.4,285,-.149,350,-4.06,242,102.3,288,106.3,217,-2.64,235,,Pat,62.4,285,108.5,117,56.4,5,18.1,154,23.6,345,28.1,350,109.7,261,50.6,213,16.2,300,28.6,48,34.8,59,62.4,285,62.7,329,19.5,309,18.6,289,108.5,117,108.9,75,109.7,261,106.4,214,77.3,95,+0.4,125,+0.7,88,-0.0,177,+0.4,129,+1.8,27,+0.1,165,1.71,120,25.3,274,57.9,114,2014,0.4684194123638739,13,18,0.41935483870967744,31
200,College of Charleston,CAA,14-18,-2.83,98.1,292,100.9,97,60.7,333,-.067,323,-2.86,217,104.1,185,107.0,240,-3.27,263,,CAA,60.7,333,98.1,292,47.3,264,20.3,298,34.7,63,34.4,311,100.9,97,45.5,32,15.1,334,27.9,28,43.1,237,60.7,333,62.3,338,20.5,341,17.8,161,98.1,292,99.2,277,100.9,97,100.0,71,77.7,49,+0.8,78,+1.6,39,-0.1,186,+1.3,48,+1.6,41,+0.8,124,1.92,66,30.2,177,68.3,42,2014,0.4197890431923189,14,18,0.4375,32
67,Colorado,P12,23-12,+11.20,107.7,129,96.5,42,64.8,167,+.120,3,+8.74,26,109.5,27,100.8,26,+1.71,110,8,P12,64.8,167,107.7,129,48.3,221,19.7,264,34.0,85,48.3,33,96.5,42,49.4,159,17.8,210,26.1,6,30.4,14,64.8,167,67.1,144,17.8,153,17.7,138,107.7,129,103.0,209,96.5,42,100.9,89,78.0,33,+0.9,61,+0.8,73,+1.0,72,+1.8,22,+1.1,76,+1.7,53,1.28,245,32.6,127,54.4,154,2014,0.7795035455647482,23,12,0.6571428571428571,35
128,Colorado St.,MWC,16-16,+3.51,110.5,84,107.0,212,64.9,161,-.073,327,+0.84,130,105.4,137,104.6,134,-7.23,330,,MWC,64.9,161,110.5,84,46.2,312,14.1,6,34.7,66,47.6,38,107.0,212,51.5,258,16.8,267,27.7,21,37.4,112,64.9,161,65.3,234,18.8,257,17.9,171,110.5,84,109.3,69,107.0,212,107.3,238,77.2,102,-0.3,209,+0.0,166,-0.6,250,-0.7,246,+1.3,53,+2.6,18,1.11,291,23.9,302,24.8,331,2014,0.5914944728948777,16,16,0.5,32
119,Columbia,Ivy,21-13,+4.67,107.6,130,103.0,129,59.9,339,-.013,214,-2.35,199,103.2,247,105.5,180,-3.07,257,,Ivy,59.9,339,107.6,130,52.5,45,19.2,247,27.2,297,44.0,74,103.0,129,47.5,85,16.8,263,25.9,5,41.1,190,59.9,339,61.5,341,21.0,348,17.9,179,107.6,130,106.9,123,103.0,129,100.2,73,77.4,80,+1.2,41,+1.6,34,+0.7,87,-0.6,234,+0.3,131,+1.7,61,1.40,210,32.0,141,53.0,169,2014,0.6230358765494437,21,13,0.6176470588235294,34
15,Connecticut,Amer,32-8,+22.13,113.6,39,91.5,10,63.2,254,+.080,23,+9.43,13,109.7,24,100.3,11,+0.91,134,7,Amer,63.2,254,113.6,39,51.5,84,17.3,103,30.3,210,38.3,233,91.5,10,44.6,15,19.6,82,32.9,248,35.7,79,63.2,254,65.5,224,18.3,210,18.1,200,113.6,39,108.6,81,91.5,10,95.9,21,77.5,60,+1.7,21,+1.8,26,+1.6,29,+1.6,32,-0.6,233,-0.1,181,2.49,12,27.9,230,69.6,39,2014,0.9232936007678302,32,8,0.8,40
293,Coppin St.,MEAC,12-20,-12.31,100.3,261,112.6,310,66.8,71,+.007,164,-5.44,274,101.4,316,106.8,234,+6.86,29,,MEAC,66.8,71,100.3,261,45.3,333,17.2,91,30.2,221,40.2,176,112.6,310,53.1,309,19.3,103,36.8,344,35.8,80,66.8,71,68.0,106,17.6,133,17.5,104,100.3,261,100.6,255,112.6,310,109.9,285,75.6,315,-1.0,286,-0.9,261,-1.1,298,-0.2,196,-0.2,191,-3.2,345,1.46,188,34.3,82,59.4,107,2014,0.2091140065704704,12,20,0.375,32
340,Cornell,Ivy,2-26,-20.58,100.4,260,120.9,350,63.6,234,-.048,288,+1.40,120,104.9,152,103.5,103,+1.19,124,,Ivy,63.6,234,100.4,260,46.7,286,18.3,174,28.1,281,28.2,349,120.9,350,56.9,347,15.5,323,32.7,243,47.1,292,63.6,234,65.2,241,18.9,260,17.8,155,100.4,260,96.5,312,120.9,350,120.4,351,76.5,185,-0.7,268,-0.2,194,-1.2,305,-1.1,296,+0.0,168,+1.7,53,0.72,331,33.2,115,27.5,325,2014,0.10557893054684253,2,26,0.07142857142857142,28
17,Creighton,BE,27-8,+21.72,124.2,2,102.5,124,63.6,237,+.024,128,+7.50,48,108.5,58,101.0,35,+1.31,122,3,BE,63.6,237,124.2,2,58.9,1,15.0,19,27.7,289,33.9,317,102.5,124,48.5,120,14.8,342,27.8,25,33.0,40,63.6,237,65.3,236,17.9,165,18.7,292,124.2,2,120.5,1,102.5,124,104.4,159,76.5,184,+0.2,142,+0.1,153,+0.4,116,+0.1,168,-1.2,294,-0.1,179,2.53,10,27.0,251,76.1,19,2014,0.900996776133436,27,8,0.7714285714285715,35
222,Dartmouth,Ivy,12-16,-4.99,103.6,201,108.6,240,62.8,270,-.079,331,-3.12,223,102.3,286,105.5,178,-6.84,327,,Ivy,62.8,270,103.6,201,49.1,190,18.8,213,31.5,172,36.3,280,108.6,240,51.8,271,19.6,85,27.1,12,49.9,320,62.8,270,63.7,301,19.1,288,18.2,227,103.6,201,103.3,204,108.6,240,105.4,186,76.1,252,-0.3,207,-0.7,247,+0.1,161,+0.6,107,-1.0,282,-1.8,295,1.70,124,33.5,103,79.3,11,2014,0.36771271382608267,12,16,0.42857142857142855,28
123,Davidson,SC,20-13,+4.18,113.3,42,109.1,251,66.1,101,-.013,213,-4.71,255,102.4,281,107.1,248,+8.01,20,7,SC,66.1,101,113.3,42,54.7,12,16.6,64,29.1,255,38.4,230,109.1,251,51.7,265,17.7,218,28.6,47,45.5,280,66.1,101,67.5,125,17.7,143,17.7,136,113.3,42,113.4,20,109.1,251,106.1,206,76.3,227,-0.5,238,-1.0,274,+0.1,168,+0.4,125,-0.1,178,-1.3,267,1.97,52,28.7,214,48.1,212,2014,0.6069248504558908,20,13,0.6060606060606061,33
42,Dayton,A10,26-11,+14.25,113.8,37,99.6,72,63.8,223,+.038,93,+6.25,63,107.7,79,101.4,51,-0.57,178,11,A10,63.8,223,113.8,37,52.4,52,18.1,158,34.0,87,40.6,162,99.6,72,48.8,128,18.8,137,28.7,56,43.0,232,63.8,223,65.4,228,18.8,251,17.9,169,113.8,37,109.4,66,99.6,72,101.5,99,77.0,128,+0.2,145,+0.4,118,-0.0,175,+0.5,110,+1.0,84,-0.3,215,1.40,209,36.1,58,56.8,127,2014,0.822404533971404,26,11,0.7027027027027027,37
183,DePaul,BE,12-21,-1.19,106.1,156,107.3,217,65.6,126,+.032,105,+8.44,30,109.5,29,101.0,37,-0.75,184,,BE,65.6,126,106.1,156,47.6,257,19.7,268,33.8,92,42.0,119,107.3,217,53.9,327,19.1,119,32.0,212,46.7,290,65.6,126,67.3,136,18.3,207,17.2,42,106.1,156,101.4,241,107.3,217,111.1,312,78.0,30,+1.6,23,+1.1,59,+2.1,12,+0.5,121,+1.3,53,+1.8,48,1.73,118,38.4,32,44.7,231,2014,0.4677110111854509,12,21,0.36363636363636365,33
106,Delaware,CAA,25-10,+5.83,112.0,60,106.2,192,70.4,10,+.064,41,-0.68,163,105.2,146,105.9,199,+2.88,80,13,CAA,70.4,10,112.0,60,50.4,133,13.4,4,29.1,250,43.9,78,106.2,192,49.4,160,16.8,268,32.8,245,38.0,121,70.4,10,70.9,23,16.4,33,17.5,89,112.0,60,111.6,41,106.2,192,106.3,211,76.5,188,-0.6,257,-0.5,232,-0.7,261,-0.6,236,-0.7,248,+1.7,53,2.34,19,19.9,337,57.9,115,2014,0.6482851237379359,25,10,0.7142857142857143,35
320,Delaware St.,MEAC,9-21,-15.63,97.1,302,112.7,314,58.3,349,-.063,315,-7.65,321,99.8,339,107.4,258,+4.94,51,,MEAC,58.3,349,97.1,302,46.3,310,19.5,257,29.0,258,38.7,226,112.7,314,49.5,163,18.1,187,35.7,327,41.1,189,58.3,349,60.6,345,22.0,351,17.6,113,97.1,302,97.3,300,112.7,314,107.9,250,75.9,288,+0.1,150,+0.6,106,-0.2,204,+0.0,172,-2.1,335,-2.2,323,1.65,140,27.2,248,48.4,206,2014,0.15272808914675304,9,21,0.3,30
139,Denver,Sum,16-15,+2.86,110.6,83,107.7,224,57.8,350,-.030,247,+0.32,142,105.3,143,105.0,150,+3.83,62,,Sum,57.8,350,110.6,83,54.3,16,16.6,66,24.8,334,34.7,305,107.7,224,52.6,301,21.0,33,33.4,271,49.2,315,57.8,350,59.1,350,20.8,345,19.8,348,110.6,83,109.4,67,107.7,224,107.5,245,76.2,242,-1.3,310,-1.6,315,-1.0,293,-0.4,218,-0.0,174,+0.7,135,1.90,73,23.1,314,62.2,87,2014,0.5758013362174108,16,15,0.5161290322580645,31
195,Detroit,Horz,13-19,-2.23,101.4,238,103.6,142,66.0,104,-.048,289,+0.88,127,105.5,133,104.6,135,+1.00,129,,Horz,66.0,104,101.4,238,45.8,321,18.5,183,32.8,121,38.5,228,103.6,142,50.1,190,19.5,91,30.4,123,50.2,324,66.0,104,67.8,111,17.6,138,17.7,129,101.4,238,99.8,263,103.6,142,104.1,154,77.5,63,+0.6,99,+0.1,151,+1.1,61,+1.1,70,+0.8,95,+1.2,92,1.06,301,32.4,130,29.9,318,2014,0.4386017441117938,13,19,0.40625,32
187,Drake,MVC,15-16,-1.46,105.0,183,106.5,199,62.9,266,+.024,126,+0.86,128,105.7,126,104.8,145,-0.03,161,,MVC,62.9,266,105.0,183,52.1,65,18.8,219,26.8,307,38.2,237,106.5,199,51.2,242,16.9,260,27.1,11,38.6,140,62.9,266,64.3,280,18.8,255,18.1,210,105.0,183,103.9,187,106.5,199,106.9,227,76.4,214,+1.3,35,+1.9,23,+0.7,93,+1.3,48,-2.6,346,-2.7,337,1.34,227,38.0,35,26.5,328,2014,0.4593093632224843,15,16,0.4838709677419355,31
129,Drexel,CAA,16-14,+3.47,105.2,179,101.8,110,62.4,288,-.032,248,+0.37,140,105.7,124,105.4,172,+6.42,34,,CAA,62.4,288,105.2,179,46.6,294,12.9,3,28.9,260,39.2,205,101.8,110,47.2,77,17.1,243,29.7,97,46.6,289,62.4,288,63.5,309,19.5,307,18.3,238,105.2,179,104.7,169,101.8,110,102.1,104,77.5,67,-0.1,183,-0.5,226,+0.3,133,+1.2,58,+1.3,66,+1.9,44,2.35,18,28.3,221,50.8,185,2014,0.5933452168997664,16,14,0.5333333333333333,30
8,Duke,ACC,26-9,+24.25,124.7,1,100.4,86,64.6,179,-.035,255,+8.76,25,109.2,34,100.5,17,+2.40,93,3,ACC,64.6,179,124.7,1,53.8,26,14.6,10,35.2,48,38.8,220,100.4,86,49.3,150,18.5,156,31.3,167,40.8,178,64.6,179,65.4,232,18.9,265,17.8,159,124.7,1,119.7,2,100.4,86,103.0,119,77.9,36,+0.8,73,+0.4,126,+1.2,43,+1.9,20,+0.7,103,+1.7,53,1.57,161,28.5,217,48.4,207,2014,0.923622086204048,26,9,0.7428571428571429,35
152,Duquesne,A10,13-17,+1.53,110.6,82,109.0,248,66.5,88,-.053,302,+1.68,117,104.4,177,102.7,91,-9.59,348,,A10,66.5,88,110.6,82,50.6,121,16.2,48,29.9,232,42.2,113,109.0,248,53.3,314,17.6,221,28.9,60,33.6,47,66.5,88,68.3,97,16.1,23,18.8,308,110.6,82,107.5,104,109.0,248,108.1,254,75.7,302,-0.3,208,-0.9,263,+0.4,117,-1.6,323,-1.0,279,-1.7,292,1.45,190,30.9,165,34.3,300,2014,0.541797323647341,13,17,0.43333333333333335,30
239,East Carolina,CUSA,17-17,-5.88,106.0,163,111.8,295,63.7,227,+.008,162,-3.25,228,102.9,263,106.1,209,-6.45,323,,CUSA,63.7,227,106.0,163,51.3,99,18.3,177,29.4,243,41.6,133,111.8,295,51.9,276,18.1,194,35.8,328,31.9,28,63.7,227,65.8,205,17.4,123,19.1,333,106.0,163,106.3,135,111.8,295,109.7,281,76.5,203,-0.7,274,-0.7,252,-0.8,278,-0.1,187,+0.5,120,-0.1,180,1.23,262,20.4,333,24.4,333,2014,0.35145872581374055,17,17,0.5,34
243,East Tennessee St.,ASun,19-16,-6.16,103.5,204,109.6,260,68.6,26,+.018,136,-7.75,323,101.5,313,109.2,319,-5.52,309,,ASun,68.6,26,103.5,204,49.3,186,16.3,54,28.2,276,42.8,98,109.6,260,50.7,217,19.6,81,32.9,250,42.0,212,68.6,26,71.0,20,15.1,5,18.6,282,103.5,204,106.4,133,109.6,260,105.9,203,75.6,308,-1.6,329,-1.8,324,-1.3,311,-1.4,311,-0.5,223,-0.3,196,1.17,277,28.5,219,58.1,113,2014,0.3410640020647564,19,16,0.5428571428571428,35
300,Eastern Illinois,OVC,11-19,-13.28,98.7,279,112.0,298,64.2,204,+.030,111,-4.08,243,104.1,184,108.2,284,+1.26,123,,OVC,64.2,204,98.7,279,48.2,230,20.3,295,30.5,205,41.8,126,112.0,298,53.5,319,17.6,220,30.7,139,46.1,284,64.2,204,66.8,158,19.2,292,16.9,21,98.7,279,99.9,262,112.0,298,111.1,313,76.9,135,+0.6,100,+1.0,64,+0.2,150,+0.4,131,-0.3,203,+0.0,168,0.72,333,39.5,24,35.8,294,2014,0.18942355189393145,11,19,0.36666666666666664,30
125,Eastern Kentucky,OVC,24-10,+3.96,112.4,55,108.4,235,64.2,203,+.036,96,-4.97,268,104.1,189,109.0,314,-5.04,304,15,OVC,64.2,203,112.4,55,56.7,4,15.8,37,23.0,346,43.2,90,108.4,235,55.7,342,24.2,3,34.0,287,54.9,343,64.2,203,67.0,146,19.0,269,17.0,30,112.4,55,114.7,14,108.4,235,107.4,240,75.8,296,-1.5,326,-1.3,302,-1.7,324,-0.7,261,-0.7,248,-0.2,189,1.90,74,24.9,285,77.6,15,2014,0.6026962548465815,24,10,0.7058823529411765,34
136,Eastern Michigan,MAC,22-15,+3.17,98.5,284,95.3,28,63.0,259,+.019,135,+0.36,141,105.4,138,105.0,154,+8.94,13,,MAC,63.0,259,98.5,284,44.2,342,18.0,146,31.0,189,43.0,93,95.3,28,43.8,4,22.6,11,37.5,347,40.2,168,63.0,259,64.6,268,18.0,175,19.0,322,98.5,284,97.4,296,95.3,28,95.5,18,77.3,97,+1.4,28,+2.2,15,+0.6,97,+1.3,46,-0.0,173,-1.1,262,1.57,162,35.5,69,46.3,222,2014,0.5938266689631517,22,15,0.5945945945945946,37
233,Eastern Washington,BSky,15-16,-5.56,105.7,169,111.3,282,69.0,19,-.028,243,-5.44,273,103.2,241,108.7,292,+6.45,33,,BSky,69.0,19,105.7,169,51.9,68,17.5,116,29.9,227,40.4,170,111.3,282,50.4,205,14.8,343,30.2,113,41.9,209,69.0,19,69.7,48,17.1,84,17.0,31,105.7,169,108.3,86,111.3,282,109.6,278,77.5,61,-0.2,192,-0.3,207,-0.0,176,-0.4,219,+1.3,53,+3.7,3,1.11,292,19.3,343,51.6,179,2014,0.35579089127784264,15,16,0.4838709677419355,31
202,Elon,SC,18-14,-2.95,104.6,189,107.5,222,64.4,189,+.033,102,-4.75,258,103.4,226,108.2,283,+5.35,42,,SC,64.4,189,104.6,189,52.3,58,17.6,118,26.9,304,35.8,290,107.5,222,49.0,139,16.8,265,31.8,202,40.6,175,64.4,189,67.0,147,17.8,149,18.1,199,104.6,189,106.5,130,107.5,222,105.5,189,77.3,91,+0.7,84,+0.5,110,+0.9,74,+1.6,27,+0.6,110,-0.3,217,2.65,4,28.7,216,84.5,4,2014,0.42201820876764906,18,14,0.5625,32
211,Evansville,MVC,14-19,-4.19,103.1,212,107.3,216,65.6,128,+.007,166,+1.26,124,105.4,134,104.2,117,-2.10,221,,MVC,65.6,128,103.1,212,49.8,159,19.2,242,26.5,310,49.1,28,107.3,216,51.1,236,18.1,192,32.3,227,37.7,115,65.6,128,66.5,172,18.1,187,17.8,149,103.1,212,101.4,243,107.3,216,107.9,251,76.4,216,-0.7,273,+0.1,150,-1.6,319,-0.9,275,-0.1,182,+0.8,117,0.71,335,23.1,315,33.4,306,2014,0.38717883256143687,14,19,0.42424242424242425,33
231,FIU,CUSA,15-16,-5.48,101.4,236,106.9,210,64.7,174,+.054,67,-2.55,204,103.3,234,105.9,195,-2.84,242,,CUSA,64.7,174,101.4,236,48.5,218,20.4,305,33.2,110,42.9,96,106.9,210,49.4,156,18.2,179,33.7,279,37.5,113,64.7,174,66.8,162,18.4,226,17.4,72,101.4,236,100.5,257,106.9,210,105.6,192,76.5,200,-1.3,312,-1.9,329,-0.7,254,+0.6,109,+1.0,82,-0.0,177,1.14,284,25.1,277,39.6,265,2014,0.3526437640651464,15,16,0.4838709677419355,31
271,Fairfield,MAAC,7-25,-8.84,95.6,315,104.5,160,64.5,185,-.019,223,-0.21,153,105.2,147,105.4,174,+2.91,78,,MAAC,64.5,185,95.6,315,46.0,316,21.8,329,30.5,206,34.6,306,104.5,160,47.1,73,16.6,277,29.1,74,58.6,350,64.5,185,67.0,149,18.1,181,17.4,80,95.6,315,94.3,331,104.5,160,104.1,153,76.7,157,-0.5,244,-0.3,203,-0.7,260,+0.6,101,+0.0,170,+0.6,138,1.19,272,32.5,129,42.0,251,2014,0.2643143337670634,7,25,0.21875,32
282,Fairleigh Dickinson,NEC,10-21,-10.57,102.2,226,112.8,316,65.0,160,-.017,218,-3.00,221,103.7,206,106.7,231,+4.97,49,,NEC,65.0,160,102.2,226,47.7,252,17.6,122,30.3,213,35.7,292,112.8,316,51.2,244,18.4,164,38.1,349,47.8,301,65.0,160,66.6,165,18.9,262,16.9,20,102.2,226,102.2,226,112.8,316,112.8,329,75.9,289,-0.4,235,-0.4,219,-0.5,235,-0.1,182,-0.8,263,-2.4,328,1.23,261,27.4,246,37.8,279,2014,0.24326281619860105,10,21,0.3225806451612903,31
3,Florida,SEC,36-3,+28.57,116.5,19,88.0,3,61.3,318,+.053,68,+9.02,22,109.4,32,100.4,14,+2.39,94,1,SEC,61.3,318,116.5,19,52.2,61,17.6,119,35.4,43,42.4,106,88.0,3,45.4,28,21.4,22,28.4,43,31.2,22,61.3,318,62.7,332,17.9,161,20.2,350,116.5,19,111.0,49,88.0,3,91.8,8,77.5,68,+0.4,120,-0.3,201,+1.0,63,+1.3,56,+0.8,93,+1.2,80,1.86,83,29.6,190,54.5,153,2014,0.9618148867681166,36,3,0.9230769230769231,39
297,Florida A&M,MEAC,14-18,-13.19,94.9,322,108.1,231,70.0,14,+.050,71,-8.01,328,99.8,338,107.9,271,-0.98,188,,MEAC,70.0,14,94.9,322,44.4,341,20.4,303,35.6,37,33.9,318,108.1,231,47.7,98,20.6,37,36.0,332,56.2,345,70.0,14,71.4,16,16.8,52,16.7,11,94.9,322,96.4,314,108.1,231,102.8,116,75.8,297,-1.1,296,-1.4,310,-0.7,266,-0.2,202,-0.5,215,-1.8,301,1.44,195,38.5,31,71.5,32,2014,0.18277184054196086,14,18,0.4375,32
244,Florida Atlantic,CUSA,10-22,-6.40,101.1,244,107.5,219,63.0,257,-.085,335,-1.01,168,104.4,175,105.4,175,+1.13,126,,CUSA,63.0,257,101.1,244,47.7,253,19.6,259,33.4,105,36.3,281,107.5,219,47.7,94,16.7,273,34.0,289,41.4,201,63.0,257,65.3,237,19.5,305,17.1,37,101.1,244,100.1,261,107.5,219,107.0,231,76.2,240,+0.3,137,+1.0,67,-0.4,230,-0.7,246,-0.2,188,-1.9,303,1.20,271,24.0,298,42.6,243,2014,0.33051022453805184,10,22,0.3125,32
182,Florida Gulf Coast,ASun,22-13,-1.08,100.0,266,101.1,99,66.2,98,+.011,159,-7.17,311,102.6,276,109.8,335,-2.98,251,8,ASun,66.2,98,100.0,266,51.1,108,19.2,246,30.0,223,36.0,288,101.1,99,47.7,96,18.6,152,28.6,51,35.4,69,66.2,98,68.3,93,17.3,102,17.8,144,100.0,266,103.6,195,101.1,99,98.3,44,77.5,66,+1.0,55,+0.4,115,+1.5,32,+0.9,76,+0.3,131,+1.0,105,1.96,58,27.7,235,63.5,81,2014,0.46858909240598967,22,13,0.6285714285714286,35
38,Florida St.,ACC,22-14,+14.86,112.2,59,97.4,54,65.2,149,-.005,198,+9.31,16,109.4,30,100.1,9,+2.05,102,1,ACC,65.2,149,112.2,59,51.7,76,21.4,322,34.8,62,45.6,51,97.4,54,45.4,30,18.9,129,35.8,329,36.2,86,65.2,149,66.1,195,17.4,118,18.7,294,112.2,59,106.5,131,97.4,54,100.5,80,79.2,3,+3.0,4,+4.3,3,+1.6,26,+2.1,12,+1.6,40,+2.7,12,1.53,169,27.6,239,62.4,86,2014,0.8357243464008273,22,14,0.6111111111111112,36
201,Fordham,A10,10-21,-2.86,108.8,109,111.7,291,67.5,55,-.035,257,+5.09,81,105.9,116,100.8,31,-3.67,276,,A10,67.5,55,108.8,109,45.0,337,16.4,58,35.4,45,33.4,326,111.7,291,52.5,294,18.0,201,35.6,325,42.4,220,67.5,55,69.2,59,17.4,114,17.1,36,108.8,109,103.6,194,111.7,291,112.3,324,75.6,313,-1.4,324,-0.6,244,-2.3,346,-1.7,329,-0.6,239,-0.1,182,1.96,53,23.8,303,71.9,31,2014,0.4249435742669098,10,21,0.3225806451612903,31
116,Fresno St.,MWC,21-18,+5.05,110.2,88,105.2,170,65.7,118,+.013,153,+3.86,101,106.2,110,102.3,82,+5.20,45,,MWC,65.7,118,110.2,88,49.9,156,14.8,15,25.5,326,40.6,160,105.2,170,48.8,129,16.6,278,32.6,237,42.0,211,65.7,118,65.8,209,17.4,112,19.0,321,110.2,88,106.3,136,105.2,170,106.3,213,76.6,176,-0.1,189,+0.0,171,-0.3,211,-0.7,246,-0.0,172,+0.4,150,1.53,168,26.0,264,42.0,253,2014,0.6304123859726912,21,18,0.5384615384615384,39
342,Furman,SC,9-21,-20.69,94.9,323,115.6,332,63.7,229,-.002,190,-8.06,330,101.1,323,109.2,317,-2.87,245,,SC,63.7,229,94.9,323,48.8,206,20.9,316,26.6,309,40.6,161,115.6,332,52.5,296,16.1,302,34.9,313,29.9,10,63.7,229,64.9,255,19.7,316,17.1,34,94.9,323,96.9,307,115.6,332,112.3,325,76.3,232,-0.2,204,-0.2,188,-0.3,217,-0.2,201,-1.0,281,-0.3,196,1.16,278,26.3,260,54.3,156,2014,0.09371539766697078,9,21,0.3,30
247,Gardner Webb,BSth,18-15,-6.59,99.0,276,105.6,179,64.8,168,+.005,171,-7.75,322,102.8,271,110.5,347,-1.21,198,,BSth,64.8,168,99.0,276,47.6,255,17.9,142,33.2,108,41.3,144,105.6,179,50.8,221,20.0,58,31.6,183,38.6,136,64.8,168,67.0,148,17.9,160,17.9,180,99.0,276,103.0,208,105.6,179,103.3,128,76.0,270,-0.6,261,-0.9,262,-0.4,225,+0.3,138,-0.4,207,-1.9,305,1.87,79,32.6,126,55.6,143,2014,0.32252478281077834,18,15,0.5454545454545454,33
141,George Mason,A10,11-20,+2.67,105.8,167,103.2,132,65.0,155,-.036,259,+5.64,73,107.7,76,102.1,70,+1.77,108,,A10,65.0,155,105.8,167,48.4,219,19.8,273,31.7,167,40.1,178,103.2,132,50.1,191,17.8,211,29.9,106,47.3,296,65.0,155,67.7,115,18.1,186,17.2,45,105.8,167,101.4,242,103.2,132,104.8,171,76.5,181,-0.1,187,-0.9,263,+0.7,85,-0.5,223,-0.2,190,+0.2,158,1.80,98,37.4,42,68.2,44,2014,0.5710506745618338,11,20,0.3548387096774194,31
47,George Washington,A10,24-9,+13.82,110.8,74,97.0,47,65.3,144,+.056,61,+5.56,74,107.3,95,101.7,61,-0.08,162,9,A10,65.3,144,110.8,74,51.5,86,19.0,236,35.1,54,46.6,42,97.0,47,47.2,78,19.6,83,31.4,172,33.4,43,65.3,144,68.0,108,18.4,220,16.8,16,110.8,74,107.3,108,97.0,47,98.4,45,78.1,27,+1.4,30,+0.8,74,+1.9,19,+1.8,23,+1.5,42,+1.1,96,1.76,111,27.4,245,70.1,36,2014,0.8219597313000836,24,9,0.7272727272727273,33
57,Georgetown,BE,18-15,+12.39,113.0,43,100.6,91,63.3,249,-.023,233,+8.32,33,109.8,23,101.5,56,+2.53,90,4,BE,63.3,249,113.0,43,51.1,106,17.9,140,31.9,161,44.8,63,100.6,91,47.9,107,18.3,176,32.1,215,52.4,331,63.3,249,65.1,246,18.3,213,18.9,314,113.0,43,108.5,82,100.6,91,104.3,155,77.6,57,+0.6,93,+0.3,137,+1.0,66,+0.9,86,+0.5,111,+1.8,51,1.90,70,27.5,243,71.2,34,2014,0.7919482088248657,18,15,0.5454545454545454,33
78,Georgia,SEC,20-14,+9.40,109.0,108,99.6,71,62.8,273,+.033,103,+5.06,82,107.2,97,102.2,72,-3.80,280,2,SEC,62.8,273,109.0,108,48.9,200,20.0,278,35.3,47,54.1,3,99.6,71,45.9,39,16.0,307,29.8,105,43.4,245,62.8,273,65.1,243,19.3,300,17.4,69,109.0,108,104.9,165,99.6,71,101.8,103,78.0,28,+0.6,92,+0.0,169,+1.2,43,+2.0,17,+1.9,26,+1.6,64,1.32,232,33.6,102,52.9,170,2014,0.7382969696950767,20,14,0.5882352941176471,34
291,Georgia Southern,SC,15-19,-12.09,98.3,287,110.4,268,64.8,169,-.040,266,-9.45,344,100.6,329,110.1,339,-5.55,311,,SC,64.8,169,98.3,287,48.8,208,17.9,141,30.3,217,36.9,266,110.4,268,51.8,268,18.1,191,30.3,117,32.8,36,64.8,169,66.1,197,17.4,110,19.0,325,98.3,287,102.3,221,110.4,268,106.3,212,75.6,309,-2.1,346,-2.1,338,-2.1,343,-1.7,329,-0.3,200,+1.0,103,1.80,97,25.0,279,36.7,289,2014,0.20833512115302183,15,19,0.4411764705882353,34
66,Georgia St.,SB,25-9,+11.28,115.6,23,104.3,156,64.3,200,-.025,238,-2.18,196,103.5,221,105.7,186,-0.58,179,6,SB,64.3,200,115.6,23,53.1,34,11.9,1,25.0,331,38.8,219,104.3,156,49.6,167,20.1,57,34.1,293,36.0,82,64.3,200,65.7,214,17.9,159,18.8,304,115.6,23,116.0,6,104.3,156,102.7,114,76.0,269,-0.9,282,-1.1,281,-0.8,267,+0.2,157,-0.5,226,-1.1,264,2.08,39,19.3,342,65.7,65,2014,0.7654765204674842,25,9,0.7352941176470589,34
114,Georgia Tech,ACC,16-17,+5.17,104.8,187,99.6,73,64.2,205,-.002,189,+6.28,62,108.5,57,102.2,76,-5.68,312,,ACC,64.2,205,104.8,187,47.8,247,18.5,186,32.7,128,34.4,310,99.6,73,47.4,82,15.5,324,28.7,55,37.9,120,64.2,205,64.8,257,18.1,188,19.1,329,104.8,187,101.5,240,99.6,73,102.1,106,77.5,64,+1.3,32,+1.4,47,+1.2,43,+0.6,104,+0.0,167,+0.9,109,2.14,33,31.3,159,64.4,72,2014,0.6422753349447609,16,17,0.48484848484848486,33
24,Gonzaga,WCC,29-7,+20.14,114.0,35,93.8,18,65.0,154,+.016,146,+5.05,83,109.0,42,103.9,110,+2.20,100,8,WCC,65.0,154,114.0,35,55.2,10,17.4,106,30.6,204,41.2,146,93.8,18,44.6,16,17.4,234,29.5,87,38.6,139,65.0,154,67.0,151,17.2,90,18.4,264,114.0,35,113.0,27,93.8,18,97.7,36,76.8,149,+1.5,25,+2.7,12,+0.3,123,-0.7,244,-1.1,283,-0.7,242,2.07,41,29.1,200,59.1,108,2014,0.9040351542166486,29,7,0.8055555555555556,36
350,Grambling St.,SWAC,5-24,-26.60,95.5,316,122.1,351,66.0,107,-.017,220,-9.05,342,98.7,348,107.8,269,+6.51,31,,SWAC,66.0,107,95.5,316,46.5,299,21.9,332,30.6,201,40.5,167,122.1,351,57.4,350,18.3,174,36.1,336,40.5,174,66.0,107,69.1,62,17.5,127,16.9,22,95.5,316,95.2,326,122.1,351,116.9,348,76.3,234,-0.7,263,-0.6,240,-0.7,255,-0.2,195,-0.3,194,-0.3,216,0.71,337,35.9,63,19.6,341,2014,0.05595043097471659,5,24,0.1724137931034483,29
241,Grand Canyon,WAC,15-15,-6.04,105.3,176,111.3,283,65.4,138,+.046,80,-3.21,227,102.4,280,105.6,183,+3.16,72,,WAC,65.4,138,105.3,176,49.2,187,18.9,231,27.6,291,52.1,10,111.3,283,49.8,176,14.5,345,29.5,85,40.0,161,65.4,138,67.3,133,17.7,146,17.9,174,105.3,176,104.0,186,111.3,283,108.5,262,77.5,69,+0.6,97,+0.1,154,+1.2,57,+1.0,71,+0.3,128,+1.6,65,0.30,347,25.1,276,0.0,0,2014,0.34586117120474114,15,15,0.5,30
71,Green Bay,Horz,24-7,+10.77,108.7,113,98.0,56,65.5,131,+.037,94,+0.11,148,104.7,160,104.6,138,+3.19,71,4,Horz,65.5,131,108.7,113,50.9,114,18.7,199,34.0,84,43.0,94,98.0,56,46.0,41,19.9,64,32.5,230,34.1,53,65.5,131,67.3,135,16.3,29,19.2,335,108.7,113,107.8,94,98.0,56,97.3,29,77.4,88,+2.1,12,+3.1,7,+1.2,52,+2.0,18,-1.3,296,-1.5,283,1.99,50,23.8,304,64.0,78,2014,0.767041329718644,24,7,0.7741935483870968,31
213,Hampton,MEAC,18-13,-4.38,96.4,307,100.8,96,69.7,15,-.000,188,-9.45,345,100.2,335,109.7,330,-2.94,248,,MEAC,69.7,15,96.4,307,46.7,285,20.2,284,33.1,112,51.0,16,100.8,96,45.2,22,22.0,14,34.5,307,53.8,338,69.7,15,71.2,17,15.6,14,17.9,187,96.4,307,99.7,268,100.8,96,95.8,20,75.9,290,-0.5,243,-1.1,293,+0.2,154,-1.4,313,-0.8,270,-0.9,250,1.27,248,32.9,121,66.4,58,2014,0.3744273281829373,18,13,0.5806451612903226,31
234,Hartford,AE,17-16,-5.62,102.2,227,107.8,226,61.9,307,+.028,115,-6.73,302,100.3,333,107.1,244,-1.38,203,,AE,61.9,307,102.2,227,54.2,17,21.7,328,24.0,341,38.9,215,107.8,226,51.3,248,20.4,45,32.0,211,41.3,195,61.9,307,63.7,302,19.2,291,18.3,246,102.2,227,102.5,217,107.8,226,103.3,129,75.3,331,-1.6,330,-1.7,323,-1.4,312,-2.4,346,-1.2,292,-0.3,196,1.68,128,33.2,114,76.3,17,2014,0.35126605059809074,17,16,0.5151515151515151,33
32,Harvard,Ivy,27-5,+17.58,112.9,47,95.3,27,64.1,211,+.020,131,+0.13,146,104.5,170,104.3,125,+0.98,130,12,Ivy,64.1,211,112.9,47,52.1,64,17.6,125,32.3,141,48.6,30,95.3,27,46.2,47,21.2,28,29.3,80,36.3,90,64.1,211,64.6,272,18.6,245,18.3,245,112.9,47,111.3,45,95.3,27,93.6,13,76.6,177,-0.7,275,-1.3,303,-0.2,197,+0.3,138,+0.8,99,-0.2,190,2.62,7,24.2,294,69.3,40,2014,0.875330532970698,27,5,0.84375,32
137,Hawaii,BW,20-11,+3.03,111.0,72,108.0,229,66.9,68,-.045,280,-3.89,237,104.0,191,107.9,275,-4.32,290,,BW,66.9,68,111.0,72,51.3,95,16.8,70,37.3,22,42.4,104,108.0,229,51.0,231,19.2,107,31.6,186,40.4,172,66.9,68,68.6,77,17.0,74,18.0,194,111.0,72,112.7,31,108.0,229,105.6,190,76.3,225,+0.6,94,+0.2,144,+1.1,62,-1.5,319,-1.3,298,-0.3,196,1.51,178,19.3,341,43.0,239,2014,0.5781267454499267,20,11,0.6451612903225806,31
248,High Point,BSth,16-15,-6.63,106.0,162,112.6,311,62.7,281,+.061,50,-4.96,267,103.9,196,108.9,309,+4.54,57,8,BSth,62.7,281,106.0,162,52.2,62,18.3,173,30.3,214,32.4,335,112.6,311,53.7,321,18.0,202,33.3,268,35.0,62,62.7,281,64.8,258,19.3,297,17.8,158,106.0,162,107.6,103,112.6,311,111.9,322,76.5,199,-0.5,249,-0.8,255,-0.3,212,-0.6,235,-0.3,193,+0.9,113,1.07,300,33.9,96,55.0,148,2014,0.33300386643283075,16,15,0.5161290322580645,31
266,Hofstra,CAA,10-23,-8.14,105.1,182,113.2,320,63.8,226,-.036,260,-2.08,193,103.7,211,105.8,190,-2.11,223,,CAA,63.8,226,105.1,182,48.4,220,18.8,212,35.5,40,45.1,57,113.2,320,51.9,274,15.3,328,30.9,146,41.2,192,63.8,226,65.4,233,17.9,168,18.6,283,105.1,182,104.3,175,113.2,320,111.6,321,77.1,110,-0.8,277,-1.1,290,-0.4,222,+1.2,61,+2.0,21,+0.6,140,1.35,225,24.9,283,34.9,298,2014,0.2986353421758923,10,23,0.30303030303030304,33
158,Holy Cross,Pat,20-14,+0.98,104.5,191,103.5,139,62.7,277,+.027,119,-2.60,210,103.1,253,105.7,184,+0.54,145,,Pat,62.7,277,104.5,191,49.0,195,18.2,162,30.4,209,39.4,196,103.5,139,49.9,181,18.8,139,28.0,31,30.2,13,62.7,277,63.8,296,19.1,285,18.2,226,104.5,191,104.0,185,103.5,139,101.2,95,75.9,287,-0.1,180,-0.1,186,+0.0,174,+0.3,135,-1.1,285,-3.0,340,1.50,180,26.2,261,50.7,186,2014,0.5276163097529948,20,14,0.5882352941176471,34
132,Houston,Amer,17-16,+3.35,111.1,70,107.7,225,65.4,136,+.057,58,+4.37,94,105.9,117,101.5,57,-9.04,344,,Amer,65.4,136,111.1,70,51.2,100,18.9,228,31.6,170,38.2,239,107.7,225,50.1,187,16.4,288,34.0,286,34.6,57,65.4,136,67.1,141,17.7,140,18.0,195,111.1,70,105.7,146,107.7,225,108.3,260,77.3,99,+0.5,113,-0.0,177,+1.0,71,+1.1,69,+0.7,104,+0.2,156,1.23,259,39.4,25,61.7,90,2014,0.5884188440263904,17,16,0.5151515151515151,33
341,Houston Baptist,Slnd,6-25,-20.66,91.5,347,112.2,301,67.6,48,-.038,265,-5.56,277,103.2,244,108.8,299,+4.52,58,,Slnd,67.6,48,91.5,347,46.3,308,22.3,339,30.6,203,39.6,189,112.2,301,50.9,227,16.4,291,33.7,277,43.1,236,67.6,48,69.7,47,17.5,126,16.8,14,91.5,347,93.5,337,112.2,301,111.0,311,75.0,338,+0.2,143,+0.4,122,+0.0,171,-1.7,327,-2.7,347,-4.2,348,1.07,299,44.7,1,53.0,168,2014,0.08743559175318594,6,25,0.1935483870967742,31
332,Howard,MEAC,8-25,-18.88,87.7,350,106.6,201,65.9,110,-.027,241,-4.05,241,102.8,270,106.8,235,+5.44,41,,MEAC,65.9,110,87.7,350,42.1,351,24.0,350,31.8,163,49.3,26,106.6,201,49.9,179,21.3,25,36.3,339,54.4,341,65.9,110,67.2,138,18.0,174,17.6,119,87.7,350,88.6,351,106.6,201,105.8,199,76.5,193,+0.2,147,+0.3,132,+0.1,169,+0.3,138,+0.6,106,-2.3,325,0.72,332,40.5,13,14.9,344,2014,0.09583719757597253,8,25,0.24242424242424243,33
146,IPFW,Sum,25-11,+2.08,110.1,90,108.0,228,65.7,119,+.062,48,-3.63,233,103.2,243,106.8,236,-4.90,299,,Sum,65.7,119,110.1,90,55.3,9,18.7,209,32.5,134,41.7,130,108.0,228,52.1,281,17.8,212,28.2,38,32.2,31,65.7,119,67.0,150,17.4,111,18.5,278,110.1,90,111.1,46,108.0,228,105.7,194,76.0,268,-0.6,258,-0.8,260,-0.4,226,-0.3,212,-0.8,264,-0.8,249,1.52,173,31.4,155,66.3,59,2014,0.555141032954614,25,11,0.6944444444444444,36
330,IUPUI,Sum,6-26,-18.16,96.2,310,114.3,328,64.2,210,-.037,261,-0.74,165,105.3,144,106.0,201,-1.15,196,,Sum,64.2,210,96.2,310,46.5,300,17.2,88,22.7,347,32.6,334,114.3,328,54.1,330,15.3,327,31.9,204,33.2,41,64.2,210,65.9,201,18.6,239,17.8,150,96.2,310,95.4,321,114.3,328,114.9,341,77.2,104,+0.0,171,-0.2,189,+0.2,149,+0.3,136,+1.5,43,+0.7,127,1.25,253,23.2,311,31.1,315,2014,0.12104535892458047,6,26,0.1875,32
254,Idaho,WAC,16-18,-7.12,105.4,174,112.5,308,65.6,123,+.078,26,-4.40,246,103.2,246,107.6,262,-2.36,226,,WAC,65.6,123,105.4,174,50.3,136,16.9,77,30.9,197,44.8,61,112.5,308,51.5,256,15.1,333,30.7,142,41.2,193,65.6,123,67.1,142,17.2,89,18.9,317,105.4,174,106.3,138,112.5,308,110.5,304,76.0,276,-0.4,227,-0.0,175,-0.8,267,-0.9,277,-0.4,209,-1.4,276,1.68,130,33.4,110,35.3,296,2014,0.32088847422270217,16,18,0.47058823529411764,34
260,Idaho St.,BSky,11-18,-7.58,104.0,198,111.6,289,63.0,258,-.091,338,-5.87,286,103.5,223,109.3,321,+6.90,28,,BSky,63.0,258,104.0,198,49.4,175,18.9,229,35.4,44,45.4,53,111.6,289,53.9,326,19.2,110,31.8,199,35.3,66,63.0,258,64.0,288,17.6,136,19.6,345,104.0,198,107.2,111,111.6,289,109.8,284,76.9,143,-1.2,304,+0.1,148,-2.5,348,-0.7,246,+1.3,53,+2.8,10,1.44,197,19.9,336,56.1,132,2014,0.30765683752747663,11,18,0.3793103448275862,29
53,Illinois,B10,20-15,+13.10,106.5,146,93.4,14,61.2,324,+.007,168,+9.40,15,109.8,21,100.4,16,-3.73,278,2,B10,61.2,324,106.5,146,46.5,302,16.5,61,31.2,179,31.2,341,93.4,14,48.1,114,18.7,148,29.3,78,32.2,32,61.2,324,62.7,330,18.6,244,19.3,340,106.5,146,101.9,232,93.4,14,98.4,47,77.6,54,+0.7,80,+1.6,37,-0.1,191,+0.5,119,+0.7,102,+1.9,36,2.05,43,26.7,254,39.1,273,2014,0.8189747693058577,20,15,0.5714285714285714,35
275,Illinois Chicago,Horz,6-25,-9.07,100.4,257,109.5,256,64.5,184,-.113,345,+1.30,123,105.0,149,103.7,108,+0.88,137,,Horz,64.5,184,100.4,257,46.1,314,18.9,227,30.3,212,39.2,206,109.5,256,53.1,308,16.7,272,28.1,36,49.9,319,64.5,184,66.3,181,18.5,230,17.8,142,100.4,257,98.4,286,109.5,256,110.1,296,77.3,90,+0.1,165,-0.6,242,+0.8,84,+0.3,138,+1.6,38,+1.3,75,1.80,103,34.5,80,33.7,305,2014,0.26938069546175103,6,25,0.1935483870967742,31
147,Illinois St.,MVC,18-16,+1.98,101.9,230,99.9,80,66.7,75,+.029,112,+1.34,122,105.5,131,104.1,114,+2.30,98,,MVC,66.7,75,101.9,230,46.9,278,18.0,148,27.7,287,40.7,159,99.9,80,48.8,127,20.2,51,31.5,174,42.3,219,66.7,75,67.6,121,16.2,26,19.1,330,101.9,230,99.7,267,99.9,80,100.4,78,74.9,344,-1.0,292,+0.6,103,-2.6,351,-2.3,342,-2.5,341,-2.0,311,0.23,348,34.6,79,11.7,346,2014,0.5567434767261644,18,16,0.5294117647058824,34
261,Incarnate Word,Slnd,21-6,-7.59,102.7,222,110.3,265,68.7,25,+.015,149,-11.99,350,99.5,343,111.5,351,-1.04,191,,Slnd,68.7,25,102.7,222,52.3,56,18.4,178,31.2,177,41.3,145,110.3,265,51.0,233,19.5,95,30.0,109,41.5,205,68.7,25,70.6,26,16.6,42,17.2,52,102.7,222,108.2,89,110.3,265,104.8,169,77.0,129,+0.7,87,+1.6,35,-0.3,207,-0.7,246,+1.3,53,-0.4,224,0.00,350,18.8,345,0.0,0,2014,0.3055501966536831,21,6,0.7777777777777778,27
63,Indiana,B10,17-15,+11.55,107.8,126,96.2,38,67.1,63,-.069,325,+7.01,58,108.8,48,101.8,63,-8.47,340,,B10,67.1,63,107.8,126,49.9,158,21.8,330,37.2,23,45.3,54,96.2,38,46.2,43,17.8,209,28.0,33,35.5,75,67.1,63,68.7,73,17.0,71,17.7,131,107.8,126,104.1,181,96.2,38,98.6,50,77.4,86,+0.8,79,+0.8,78,+0.7,90,+2.2,9,+0.1,162,-0.3,196,1.41,206,33.9,98,30.9,316,2014,0.7873885405964457,17,15,0.53125,32
108,Indiana St.,MVC,23-11,+5.61,106.8,140,101.2,100,65.3,146,+.082,21,+1.65,118,106.0,113,104.4,130,+0.23,153,6,MVC,65.3,146,106.8,140,50.4,131,17.2,98,27.0,300,43.3,89,101.2,100,49.0,137,17.6,224,28.0,32,43.7,251,65.3,146,66.3,183,17.3,103,18.8,305,106.8,140,105.5,152,101.2,100,102.1,105,77.3,94,-0.1,181,+0.3,130,-0.5,237,+0.1,165,+0.9,91,+2.2,25,1.99,49,31.1,161,84.3,5,2014,0.6500776287695696,23,11,0.6764705882352942,34
76,Iona,MAAC,22-11,+10.14,118.6,12,108.5,237,68.6,28,-.024,236,+0.89,126,105.5,130,104.6,137,+8.19,19,6,MAAC,68.6,28,118.6,12,57.4,3,14.8,16,26.1,317,38.0,246,108.5,237,50.6,214,16.7,276,35.6,324,29.4,7,68.6,28,71.1,19,15.9,18,17.7,139,118.6,12,117.3,5,108.5,237,108.8,269,77.4,84,-0.2,200,-0.1,187,-0.3,214,+0.3,138,+2.0,23,+1.9,40,1.61,145,20.6,332,53.4,164,2014,0.7356679154138279,22,11,0.6666666666666666,33
22,Iowa,B10,20-13,+20.44,120.2,5,99.8,77,68.6,29,-.116,347,+8.35,32,108.6,55,100.2,10,-6.19,318,11,B10,68.6,29,120.2,5,51.1,104,15.9,39,37.7,18,45.3,55,99.8,77,47.4,84,18.8,140,29.0,66,35.4,71,68.6,29,69.9,44,15.1,4,19.3,339,120.2,5,115.1,11,99.8,77,99.6,64,78.9,4,+2.2,8,+2.2,14,+2.2,7,+2.2,10,+3.1,4,+1.2,87,2.01,47,40.7,10,82.9,6,2014,0.8946242860144724,20,13,0.6060606060606061,33
20,Iowa St.,B12,28-8,+21.07,118.9,9,97.8,55,70.2,12,+.064,42,+10.77,4,111.1,2,100.4,12,+1.44,117,3,B12,70.2,12,118.9,9,54.2,19,14.5,8,28.8,262,36.4,277,97.8,55,47.7,95,15.9,310,28.5,44,30.7,17,70.2,12,71.7,14,15.2,8,18.4,263,118.9,9,114.3,16,97.8,55,102.2,107,76.7,167,-1.5,325,-2.2,342,-0.8,267,-0.1,190,+1.0,81,+2.0,35,1.80,104,21.5,328,27.7,324,2014,0.9043585501882332,28,8,0.7777777777777778,36
294,Jackson St.,SWAC,11-20,-12.63,93.7,334,106.3,195,65.0,156,-.043,271,-9.04,341,99.7,340,108.7,294,+3.89,61,,SWAC,65.0,156,93.7,334,45.2,335,21.9,333,33.4,104,40.3,174,106.3,195,49.5,161,21.1,29,30.3,118,55.9,344,65.0,156,67.9,110,17.8,148,17.2,47,93.7,334,96.3,315,106.3,195,100.4,77,76.5,194,+0.2,144,+0.3,136,+0.1,157,-1.2,306,-0.9,277,+0.7,128,1.15,282,34.1,88,19.4,342,2014,0.18985977060211875,11,20,0.3548387096774194,31
303,Jacksonville,ASun,12-18,-13.55,103.2,209,116.8,339,67.8,43,+.028,117,-5.75,281,102.2,290,108.0,276,-1.35,202,,ASun,67.8,43,103.2,209,48.9,196,19.4,254,32.7,125,42.2,115,116.8,339,55.7,343,18.9,128,35.2,319,38.9,148,67.8,43,70.0,41,16.7,47,17.5,94,103.2,209,104.1,180,116.8,339,114.2,337,76.8,147,-0.3,210,-0.2,190,-0.5,234,+0.3,132,-0.2,187,+1.1,97,1.30,237,29.9,181,39.5,266,2014,0.1940925973896755,12,18,0.4,30
309,Jacksonville St.,OVC,10-21,-14.04,98.2,289,112.3,303,60.6,334,-.015,217,-4.94,266,103.8,205,108.7,296,-4.39,292,,OVC,60.6,334,98.2,289,46.4,306,17.4,110,31.1,180,41.4,142,112.3,303,53.7,322,19.2,105,34.6,309,47.6,299,60.6,334,63.4,313,21.0,347,16.6,7,98.2,289,100.8,253,112.3,303,111.3,318,75.7,303,-1.3,314,-1.6,317,-1.1,299,-1.0,283,-0.8,271,-0.4,219,1.75,112,39.6,22,40.4,259,2014,0.1761100424592088,10,21,0.3225806451612903,31
267,James Madison,CAA,11-20,-8.25,98.5,283,106.8,206,63.5,241,+.048,72,-1.09,170,104.1,182,105.2,166,-0.48,175,,CAA,63.5,241,98.5,283,45.7,324,18.8,218,29.6,239,47.4,39,106.8,206,49.1,144,18.4,166,31.8,200,44.4,264,63.5,241,64.8,260,18.2,198,19.0,323,98.5,283,97.3,299,106.8,206,105.9,204,78.6,7,+0.2,140,-0.4,216,+0.9,78,+2.1,13,+3.0,6,+3.8,2,1.23,263,28.8,210,37.3,285,2014,0.28285049716505734,11,20,0.3548387096774194,31
7,Kansas,B12,25-10,+24.60,119.3,6,94.7,22,66.6,83,-.051,295,+12.13,1,112.2,1,100.0,7,+9.47,11,2,B12,66.6,83,119.3,6,54.2,18,19.1,239,37.3,20,48.3,32,94.7,22,47.1,75,16.4,292,28.8,58,45.5,279,66.6,83,68.6,76,16.8,51,18.1,207,119.3,6,114.5,15,94.7,22,101.4,98,77.6,53,+1.3,36,+1.3,51,+1.2,43,+2.9,3,+0.5,118,-1.3,267,0.73,330,29.1,201,22.1,337,2014,0.934359248427007,25,10,0.7142857142857143,35
45,Kansas St.,B12,20-13,+14.10,107.8,125,93.7,16,63.3,247,+.001,185,+8.17,35,110.5,8,102.3,81,-4.06,285,9,B12,63.3,247,107.8,125,48.8,209,18.5,185,34.7,65,40.3,175,93.7,16,45.3,26,19.0,121,33.2,264,45.4,276,63.3,247,65.6,221,18.6,242,17.8,166,107.8,125,104.3,174,93.7,16,98.2,43,76.5,195,-0.5,245,-1.2,300,+0.2,134,-0.2,193,-0.7,248,+0.9,115,1.49,181,33.1,117,49.2,201,2014,0.8336977341144364,20,13,0.6060606060606061,33
338,Kennesaw St.,ASun,6-25,-20.32,92.0,342,112.3,304,66.0,106,+.003,177,-4.51,251,103.5,220,108.1,280,+0.88,138,,ASun,66.0,106,92.0,342,47.2,268,23.8,348,31.0,190,38.3,234,112.3,304,51.2,241,18.1,189,34.8,312,47.3,295,66.0,106,68.5,80,18.1,190,16.9,25,92.0,342,93.3,341,112.3,304,111.0,310,76.2,244,+0.3,127,+0.4,124,+0.3,124,+0.5,113,-1.6,314,-2.0,310,1.28,246,42.4,4,51.5,180,2014,0.09171012597372005,6,25,0.1935483870967742,31
193,Kent St.,MAC,16-16,-2.11,104.1,195,106.2,193,64.7,171,-.022,231,-2.78,215,102.3,289,105.0,157,-4.36,291,,MAC,64.7,171,104.1,195,49.3,180,18.3,175,30.4,208,36.9,265,106.2,193,49.0,138,19.6,84,31.5,181,47.6,300,64.7,171,66.3,191,17.9,157,18.3,241,104.1,195,103.6,196,106.2,193,103.4,133,76.2,245,-0.2,196,+0.1,154,-0.4,228,-1.2,299,-0.5,218,-0.4,221,1.51,176,34.0,90,54.2,158,2014,0.44283121366265554,16,16,0.5,32
13,Kentucky,SEC,29-11,+22.55,118.3,14,95.8,32,64.0,217,-.025,240,+10.73,5,110.5,7,99.8,6,+4.19,60,8,SEC,64.0,217,118.3,14,49.9,151,18.1,150,42.0,2,51.8,12,95.8,32,46.0,40,16.1,303,29.7,100,36.8,99,64.0,217,65.9,202,17.9,156,18.5,272,118.3,14,112.4,35,95.8,32,100.4,76,79.4,1,+2.4,6,+2.8,11,+1.9,13,+1.6,29,+3.3,2,+3.9,1,0.42,345,23.6,305,23.6,336,2014,0.9187924842238823,29,11,0.725,40
319,LIU Brooklyn,NEC,9-20,-15.55,103.0,213,118.6,347,66.4,92,+.077,28,-4.62,253,102.1,296,106.7,227,-1.58,209,,NEC,66.4,92,103.0,213,49.4,179,18.6,194,31.0,185,37.8,250,118.6,347,54.6,336,15.6,321,33.9,283,30.9,18,66.4,92,68.5,78,17.1,79,17.7,135,103.0,213,104.1,182,118.6,347,116.1,344,75.8,294,-1.4,323,-2.1,341,-0.8,267,-0.4,220,-0.8,269,-0.3,196,1.40,207,28.8,208,40.1,262,2014,0.16495454204605542,9,20,0.3103448275862069,29
59,LSU,SEC,20-14,+12.12,110.7,78,98.5,58,68.6,30,-.010,207,+7.22,56,107.9,72,100.7,24,-2.10,222,5,SEC,68.6,30,110.7,78,50.0,145,19.2,248,34.9,59,34.2,314,98.5,58,46.7,62,18.0,204,31.6,189,38.7,144,68.6,30,70.2,34,17.0,70,17.2,51,110.7,78,105.3,159,98.5,58,100.5,81,76.8,150,+0.9,62,+0.1,154,+1.8,22,+1.3,44,-0.7,261,-1.9,307,1.80,101,25.8,270,61.6,91,2014,0.7929539394321281,20,14,0.5882352941176471,34
105,La Salle,A10,15-16,+5.88,106.3,154,100.4,85,62.7,279,+.002,183,+5.92,69,108.0,70,102.1,69,+2.37,96,,A10,62.7,279,106.3,154,46.4,304,17.5,115,33.1,115,39.1,208,100.4,85,48.1,115,17.6,222,32.5,235,32.1,30,62.7,279,65.2,242,18.2,199,18.4,251,106.3,154,102.3,223,100.4,85,103.2,126,76.2,239,+0.5,106,+1.4,49,-0.3,213,-1.7,335,-1.4,303,-0.2,194,2.69,2,22.8,318,80.9,9,2014,0.6585154165212936,15,16,0.4838709677419355,31
245,Lafayette,Pat,11-20,-6.43,109.3,102,115.7,333,64.6,181,-.051,296,-2.16,195,102.5,279,104.6,139,+0.63,141,,Pat,64.6,181,109.3,102,53.5,29,19.0,235,26.8,306,33.3,327,115.7,333,54.3,334,17.7,219,33.8,282,36.4,91,64.6,181,65.7,211,18.4,228,17.9,168,109.3,102,107.0,118,115.7,333,113.3,332,76.0,267,+0.1,162,+0.1,145,+0.0,173,-1.3,309,-0.7,240,-1.4,275,1.33,228,30.4,170,64.2,75,2014,0.34199897508904337,11,20,0.3548387096774194,31
343,Lamar,Slnd,4-26,-20.71,93.1,336,113.8,324,66.5,90,-.034,254,-6.51,295,102.4,283,108.9,310,-1.96,218,,Slnd,66.5,90,93.1,336,46.7,288,20.2,289,27.6,292,39.8,183,113.8,324,54.5,335,18.5,155,34.2,297,38.5,135,66.5,90,69.4,53,16.8,57,17.6,111,93.1,336,95.9,317,113.8,324,111.4,319,74.9,345,-2.3,349,-2.9,349,-1.8,329,-1.2,302,-2.1,334,-1.0,253,0.81,323,29.6,191,36.8,288,2014,0.09039381623199028,4,26,0.13333333333333333,30
242,Lehigh,Pat,14-18,-6.06,98.0,294,104.1,151,64.3,196,+.031,109,-3.26,229,104.3,179,107.6,261,-2.97,249,,Pat,64.3,196,98.0,294,48.8,205,18.0,144,26.2,315,33.2,329,104.1,151,48.0,110,16.9,255,32.2,220,31.0,20,64.3,196,65.6,220,17.4,124,18.8,306,98.0,294,99.5,273,104.1,151,103.3,130,76.4,207,+0.7,85,+0.4,123,+1.0,68,-0.7,240,-1.7,316,-0.3,196,1.36,223,25.6,273,40.0,263,2014,0.33305016366344675,14,18,0.4375,32
283,Liberty,BSth,11-21,-11.25,101.3,240,112.6,309,62.8,268,-.129,349,-7.85,326,102.4,284,110.2,343,-3.44,268,,BSth,62.8,268,101.3,240,49.9,157,20.5,310,38.0,16,34.5,308,112.6,309,51.0,232,15.1,335,29.9,108,38.1,123,62.8,268,65.2,239,18.9,261,17.7,133,101.3,240,105.8,144,112.6,309,109.9,288,76.8,146,+1.1,44,+0.3,128,+1.9,16,+1.0,75,-1.6,312,-1.1,258,1.98,51,26.6,255,66.5,56,2014,0.22860833989125365,11,21,0.34375,32
265,Lipscomb,ASun,15-15,-8.04,103.4,207,111.5,288,68.6,27,+.086,19,-5.02,269,103.7,208,108.7,293,+2.26,99,,ASun,68.6,27,103.4,207,51.3,94,17.5,112,25.8,322,47.8,36,111.5,288,54.2,332,20.1,56,31.6,185,48.7,309,68.6,27,71.0,21,16.4,32,17.9,181,103.4,207,105.2,160,111.5,288,109.9,286,75.5,323,-2.9,351,-3.3,351,-2.5,349,-0.7,246,+0.0,169,+0.5,143,1.22,266,28.8,207,57.4,122,2014,0.2958110661718877,15,15,0.5,30
144,Long Beach St.,BW,15-17,+2.17,104.9,186,102.7,127,64.6,177,-.023,235,+2.95,110,107.3,94,104.4,127,+13.73,3,,BW,64.6,177,104.9,186,48.6,216,18.2,165,34.6,67,30.8,343,102.7,127,49.8,172,18.7,144,33.5,275,37.2,105,64.6,177,66.3,188,17.5,130,18.4,266,104.9,186,103.0,207,102.7,127,105.2,179,76.4,212,-0.2,202,-0.6,236,+0.1,166,-0.3,206,-0.5,216,-0.2,191,1.14,283,30.9,164,37.7,281,2014,0.5606368511672724,15,17,0.46875,32
346,Longwood,BSth,8-24,-22.88,95.6,314,118.5,344,66.6,80,-.043,270,-5.57,279,103.4,232,108.9,312,+2.38,95,,BSth,66.6,80,95.6,314,47.1,271,18.8,214,26.8,308,30.9,342,118.5,344,55.7,344,18.2,183,35.3,320,44.4,263,66.6,80,69.3,55,17.2,95,17.3,55,95.6,314,96.9,308,118.5,344,118.0,350,75.5,316,-1.6,332,-1.8,327,-1.5,315,-0.7,239,-1.1,288,-0.6,235,1.37,219,28.2,223,55.3,147,2014,0.07802336014554288,8,24,0.25,32
113,Louisiana Lafayette,SB,23-12,+5.19,110.2,89,105.0,167,68.5,31,+.038,91,-0.57,161,105.0,150,105.6,181,+4.65,55,14,SB,68.5,31,110.2,89,51.5,85,18.7,207,36.3,29,44.3,69,105.0,167,50.4,202,18.5,160,31.9,203,44.0,259,68.5,31,70.8,25,17.1,77,17.0,27,110.2,89,109.8,61,105.0,167,105.3,183,76.0,272,-1.2,305,-0.7,250,-1.7,326,-1.6,325,-0.5,225,+1.2,91,1.82,89,30.2,176,69.9,37,2014,0.635496466623431,23,12,0.6571428571428571,35
251,Louisiana Monroe,SB,10-17,-7.00,97.5,298,104.5,161,61.8,310,-.012,209,+0.70,133,105.7,125,105.0,155,+12.24,6,,SB,61.8,310,97.5,298,47.0,275,19.7,265,30.3,211,35.5,297,104.5,161,49.2,149,16.5,285,31.3,168,38.2,126,61.8,310,64.7,266,19.1,290,17.8,141,97.5,298,95.9,316,104.5,161,104.7,167,76.5,180,-0.6,260,-1.4,306,+0.1,163,+1.1,63,+0.2,153,-0.8,247,0.84,320,32.9,119,35.7,295,2014,0.31059288442398436,10,17,0.37037037037037035,27
37,Louisiana Tech,CUSA,29-8,+15.10,110.4,85,95.3,29,69.6,16,+.002,184,-1.67,180,103.5,222,105.2,165,-4.21,287,3,CUSA,69.6,16,110.4,85,51.2,103,15.7,33,33.5,103,41.7,131,95.3,29,46.0,42,22.8,10,29.9,107,38.6,141,69.6,16,72.0,11,16.5,38,16.8,12,110.4,85,110.9,51,95.3,29,92.3,10,77.1,115,-0.5,242,-0.2,196,-0.8,267,+0.5,116,+0.9,85,+1.6,63,1.80,105,35.8,64,77.8,14,2014,0.8444113007139171,29,8,0.7837837837837838,37
1,Louisville,Amer,31-6,+30.41,118.9,7,88.5,5,67.2,60,-.045,278,+4.31,95,107.0,100,102.7,93,-4.65,295,4,Amer,67.2,60,118.9,7,53.5,30,15.3,25,37.1,24,41.2,147,88.5,5,43.9,6,25.0,2,32.7,239,38.4,130,67.2,60,69.0,68,16.2,27,18.2,230,118.9,7,117.4,4,88.5,5,88.6,1,76.4,218,+0.5,105,+0.4,121,+0.7,91,+0.7,93,-1.9,327,-1.5,278,1.44,194,33.9,94,53.8,160,2014,0.9675705974676725,31,6,0.8378378378378378,37
246,Loyola Chicago,MVC,10-22,-6.47,102.2,225,108.7,243,61.9,305,-.073,326,-1.78,184,104.0,190,105.8,192,-8.54,341,,MVC,61.9,305,102.2,225,51.9,69,20.7,313,26.8,305,38.0,247,108.7,243,51.2,243,18.1,196,31.5,179,42.1,215,61.9,305,63.1,322,19.3,296,18.6,280,102.2,225,101.7,236,108.7,243,107.5,241,76.5,197,-1.2,307,-0.6,243,-1.8,337,-0.7,246,+1.3,53,+0.8,121,1.45,193,25.7,271,60.5,99,2014,0.3297996523313584,10,22,0.3125,32
292,Loyola MD,Pat,11-19,-12.17,97.1,301,109.3,253,64.6,176,+.063,44,-2.84,216,103.7,214,106.5,220,-0.51,176,,Pat,64.6,176,97.1,301,45.4,328,18.2,169,30.3,218,41.8,125,109.3,253,52.3,289,21.0,31,36.1,335,40.5,173,64.6,176,65.5,226,18.2,194,18.4,252,97.1,301,96.8,309,109.3,253,108.2,258,76.4,205,+0.5,115,+0.1,154,+0.9,80,+0.2,155,-0.4,213,-1.9,308,1.52,171,34.6,77,42.3,249,2014,0.20406438685494527,11,19,0.36666666666666664,30
178,Loyola Marymount,WCC,13-19,-0.94,105.7,170,106.6,203,67.8,45,+.048,74,+4.78,90,108.4,59,103.6,105,+0.92,133,,WCC,67.8,45,105.7,170,47.0,276,17.2,96,32.7,126,36.3,279,106.6,203,52.0,278,19.7,77,36.1,336,43.1,240,67.8,45,69.7,46,17.2,91,17.3,54,105.7,170,103.4,201,106.6,203,110.0,292,76.1,263,-0.2,201,-0.7,246,+0.2,152,+0.5,122,-1.0,278,-2.0,316,1.75,113,31.4,154,48.0,213,2014,0.4756432644642944,13,19,0.40625,32
339,Maine,AE,6-23,-20.55,95.5,317,116.0,336,73.0,3,+.010,160,-5.16,271,101.1,324,106.2,214,+1.03,127,,AE,73.0,3,95.5,317,48.9,198,20.3,297,24.7,336,33.9,316,116.0,336,53.2,311,17.6,225,35.5,321,39.4,153,73.0,3,73.9,3,15.0,3,17.3,56,95.5,317,95.2,327,116.0,336,112.9,330,77.0,127,-0.5,251,-1.0,277,-0.1,181,-0.1,178,+1.2,69,+1.5,67,0.74,328,37.9,36,36.0,293,2014,0.0965346844990154,6,23,0.20689655172413793,29
74,Manhattan,MAAC,25-8,+10.21,107.2,134,97.0,46,67.7,46,-.008,202,-0.20,152,105.6,128,105.8,191,+3.46,65,13,MAAC,67.7,46,107.2,134,50.7,118,19.7,269,34.4,70,55.5,2,97.0,46,45.4,27,21.7,17,33.3,269,52.8,334,67.7,46,70.3,32,16.9,59,17.3,61,107.2,134,107.1,113,97.0,46,97.5,34,76.4,215,-0.7,265,-0.6,238,-0.7,263,+0.1,167,+0.3,126,-0.6,234,2.30,22,38.7,29,66.8,52,2014,0.7594799751804844,25,8,0.7575757575757576,33
206,Marist,MAAC,12-19,-3.87,101.6,235,105.5,176,64.4,192,-.021,228,-0.98,167,104.6,165,105.6,182,+1.81,107,,MAAC,64.4,192,101.6,235,46.6,292,18.1,153,29.7,236,40.3,172,105.5,176,50.6,215,19.5,87,33.0,252,38.3,128,64.4,192,67.5,129,17.8,154,17.6,112,101.6,235,99.8,265,105.5,176,105.0,176,76.8,154,-0.2,198,+0.8,81,-1.2,304,+0.3,138,+0.3,129,+0.1,161,2.08,38,23.6,307,63.1,85,2014,0.39336835365791933,12,19,0.3870967741935484,31
68,Marquette,BE,17-15,+11.05,109.7,97,98.6,60,64.5,186,-.051,297,+7.74,41,109.0,43,101.2,43,-1.39,205,,BE,64.5,186,109.7,97,48.7,210,17.5,114,34.1,78,44.8,62,98.6,60,49.1,141,19.3,101,29.6,94,38.7,145,64.5,186,66.3,189,17.2,86,18.9,313,109.7,97,105.4,157,98.6,60,100.7,84,77.0,123,+0.3,130,+0.4,127,+0.3,129,-0.2,192,+0.3,131,+1.0,101,1.96,54,32.7,123,56.1,134,2014,0.77325769580341,17,15,0.53125,32
236,Marshall,CUSA,11-22,-5.82,99.9,267,105.7,181,66.9,66,-.109,342,-1.81,186,103.1,255,104.9,148,-1.02,190,,CUSA,66.9,66,99.9,267,46.6,295,18.9,225,32.8,122,42.4,102,105.7,181,50.3,200,19.5,92,34.5,302,43.5,248,66.9,66,68.9,70,17.1,82,17.6,117,99.9,267,99.4,275,105.7,181,103.7,139,76.9,142,-0.7,271,-0.7,249,-0.7,264,+0.3,138,+1.4,49,+0.9,116,0.31,346,31.8,143,12.2,345,2014,0.34321381968131026,11,22,0.3333333333333333,33
43,Maryland,ACC,17-15,+14.20,109.4,101,95.2,26,67.4,57,-.074,329,+8.65,29,109.0,40,100.4,15,+2.03,103,,ACC,67.4,57,109.4,101,49.1,192,18.6,196,33.5,102,36.7,269,95.2,26,47.2,79,18.7,145,28.9,59,42.1,217,67.4,57,67.7,113,17.1,76,18.2,222,109.4,101,103.8,191,95.2,26,98.7,51,78.3,16,+0.4,119,-0.5,227,+1.2,43,+2.6,4,+2.6,11,+2.1,29,1.67,133,31.3,158,60.4,101,2014,0.8318584212188086,17,15,0.53125,32
336,Maryland Eastern Shore,MEAC,6-24,-20.22,99.1,275,119.3,348,65.1,152,-.036,258,-7.27,313,99.8,337,107.1,250,+0.93,132,,MEAC,65.1,152,99.1,275,45.0,336,18.7,198,32.4,139,42.3,108,119.3,348,54.3,333,19.0,120,35.9,330,43.6,249,65.1,152,66.6,166,18.9,266,17.0,33,99.1,275,98.9,282,119.3,348,114.2,338,76.0,273,-1.3,313,-1.0,271,-1.7,325,-1.2,307,-0.7,243,+1.2,85,1.20,270,33.4,107,47.1,219,2014,0.10589390846939058,6,24,0.2,30
50,Massachusetts,A10,24-9,+13.46,110.0,91,96.5,43,70.3,11,+.065,40,+7.33,52,108.0,71,100.6,19,+5.53,40,6,A10,70.3,11,110.0,91,50.4,132,18.8,216,34.4,73,39.2,204,96.5,43,46.6,57,18.7,143,31.7,192,37.2,107,70.3,11,71.7,13,15.9,19,17.5,100,110.0,91,105.2,161,96.5,43,98.7,53,76.8,148,+1.3,34,+0.8,80,+1.8,21,+2.1,11,-1.2,291,-3.0,341,2.42,14,26.0,265,66.4,57,2014,0.8184349029445548,24,9,0.7272727272727273,33
310,McNeese St.,Slnd,11-20,-14.07,97.9,296,112.0,297,65.8,116,+.041,84,-3.04,222,103.7,207,106.8,233,+15.05,1,,Slnd,65.8,116,97.9,296,44.2,344,18.2,167,32.8,123,33.6,323,112.0,297,51.7,264,18.9,133,36.1,334,36.5,95,65.8,116,68.5,85,17.5,129,17.5,103,97.9,296,97.0,304,112.0,297,110.2,300,75.5,318,-1.8,340,-1.8,325,-1.8,329,-1.4,312,-0.5,219,-0.4,223,1.63,143,26.4,257,61.4,93,2014,0.1754690941121304,11,20,0.3548387096774194,31
36,Memphis,Amer,24-10,+15.22,112.4,56,97.1,50,67.5,53,+.048,73,+7.25,54,108.3,63,101.1,39,+0.02,160,8,Amer,67.5,53,112.4,56,51.9,70,18.6,192,35.8,34,39.5,192,97.1,50,48.4,117,20.3,46,33.3,266,33.8,50,67.5,53,70.1,35,15.9,16,18.8,302,112.4,56,107.6,102,97.1,50,99.7,66,76.7,164,+0.4,123,+0.0,167,+0.7,89,-0.8,267,-0.6,238,+0.7,128,2.15,32,25.9,269,54.9,149,2014,0.8432629756760028,24,10,0.7058823529411765,34
87,Mercer,ASun,27-9,+8.34,110.8,75,102.4,119,63.6,233,+.022,130,-4.44,248,103.6,216,108.0,279,+4.65,56,14,ASun,63.6,233,110.8,75,54.0,23,17.5,111,32.0,157,37.3,255,102.4,119,46.7,63,19.0,126,31.1,154,41.0,186,63.6,233,65.6,216,18.1,192,18.2,224,110.8,75,113.3,22,102.4,119,99.8,68,77.5,73,+0.3,138,+1.1,58,-0.6,243,+0.9,83,+1.3,65,+1.2,83,2.27,25,35.1,72,72.5,30,2014,0.7123163549218696,27,9,0.75,36
77,Miami FL,ACC,17-16,+9.88,109.2,105,99.3,66,57.0,351,-.045,281,+5.70,72,107.2,98,101.5,59,-3.54,271,,ACC,57.0,351,109.2,105,47.6,254,17.2,90,33.5,100,36.1,287,99.3,66,47.0,71,16.4,293,30.4,121,31.2,21,57.0,351,57.9,351,21.9,350,19.4,342,109.2,105,104.3,176,99.3,66,101.1,92,77.9,37,+1.1,45,+1.6,36,+0.6,99,+1.3,48,+3.2,3,-0.8,246,1.52,170,29.8,183,16.9,343,2014,0.748928951614537,17,16,0.5151515151515151,33
218,Miami OH,MAC,13-18,-4.63,98.9,277,103.5,140,65.4,135,+.076,29,+0.26,145,104.6,166,104.4,126,+4.24,59,,MAC,65.4,135,98.9,277,48.3,222,20.2,288,24.5,339,34.8,303,103.5,140,53.8,324,21.7,18,29.5,88,33.3,42,65.4,135,66.9,156,18.2,200,17.4,76,98.9,277,96.9,305,103.5,140,103.6,137,76.1,255,-0.7,267,-1.4,311,+0.1,170,-1.7,328,+0.3,131,+0.0,171,1.93,65,27.6,240,51.4,181,2014,0.3721936906151897,13,18,0.41935483870967744,31
12,Michigan,B10,28-9,+23.44,123.9,3,100.5,89,61.0,330,+.047,76,+11.65,2,110.3,12,98.6,1,+0.62,142,2,B10,61.0,330,123.9,3,55.7,8,14.8,17,29.4,242,34.9,302,100.5,89,49.4,157,17.1,244,30.5,125,26.7,2,61.0,330,62.5,337,19.7,313,18.7,297,123.9,3,117.7,3,100.5,89,103.6,138,77.4,87,-0.4,216,+0.0,170,-0.8,267,+1.3,48,+3.0,5,-0.0,178,1.26,250,25.0,278,55.8,141,2014,0.9173706165175969,28,9,0.7567567567567568,37
9,Michigan St.,B10,29-9,+23.92,118.6,13,94.7,21,64.4,188,-.003,192,+10.44,6,110.2,15,99.7,5,+0.57,144,4,B10,64.4,188,118.6,13,54.5,14,17.4,107,32.9,117,33.7,321,94.7,21,45.8,35,17.7,215,27.5,17,40.3,169,64.4,188,66.0,199,17.4,121,18.7,296,118.6,13,113.0,28,94.7,21,98.6,48,77.1,117,+0.5,104,+0.6,96,+0.5,110,+0.2,160,+0.5,114,+0.2,157,1.90,72,33.9,95,75.2,21,2014,0.9300845338822771,29,9,0.7631578947368421,38
89,Middle Tennessee,CUSA,24-9,+8.24,105.3,177,97.0,48,62.6,282,+.047,78,-1.84,187,103.3,237,105.1,161,-2.15,224,,CUSA,62.6,282,105.3,177,49.5,173,19.2,249,34.9,58,44.1,71,97.0,48,46.8,65,21.7,19,29.4,83,43.9,258,62.6,282,65.0,250,18.2,197,18.5,276,105.3,177,104.3,177,97.0,48,95.5,17,77.5,72,-0.5,237,-1.2,296,+0.2,134,+1.6,33,+2.0,24,+1.4,68,1.22,265,26.3,258,40.7,257,2014,0.7199428344639012,24,9,0.7272727272727273,33
168,Milwaukee,Horz,21-14,+0.08,104.7,188,104.6,164,65.8,115,+.119,4,+0.03,150,104.4,173,104.4,128,-2.92,247,15,Horz,65.8,115,104.7,188,49.1,193,19.9,275,28.6,266,44.7,64,104.6,164,49.1,146,18.5,161,31.2,156,36.5,94,65.8,115,67.6,122,18.4,229,16.7,10,104.7,188,102.4,220,104.6,164,103.9,144,76.8,155,+0.6,91,+0.3,135,+1.0,70,+1.2,62,-0.7,247,-1.4,277,1.44,199,21.0,330,42.4,245,2014,0.5027472253104799,21,14,0.6,35
46,Minnesota,B10,25-13,+13.93,113.8,38,99.9,78,63.3,250,+.044,81,+8.28,34,108.9,44,100.7,22,-3.49,270,1,B10,63.3,250,113.8,38,51.6,82,18.1,152,31.4,173,39.7,186,99.9,78,48.7,126,18.7,147,31.2,157,40.2,164,63.3,250,64.3,277,18.3,209,18.8,311,113.8,38,108.7,78,99.9,78,103.5,135,76.4,204,+1.4,31,+1.5,43,+1.2,55,-1.1,297,-0.7,248,-2.1,317,1.80,99,31.7,145,46.8,220,2014,0.8172965436922934,25,13,0.6578947368421053,38
83,Mississippi,SEC,19-14,+8.87,111.2,68,102.3,116,68.1,41,-.006,199,+5.13,80,106.5,106,101.3,49,-0.73,183,,SEC,68.1,41,111.2,68,48.2,231,15.9,42,33.2,109,39.6,188,102.3,116,48.4,119,19.9,65,35.6,322,43.3,243,68.1,41,69.4,52,16.5,37,17.9,183,111.2,68,107.0,121,102.3,116,103.3,131,77.4,79,+1.1,46,+0.1,154,+2.1,11,+1.4,41,+0.2,159,+0.1,166,1.49,185,36.4,54,53.2,167,2014,0.7229892725371835,19,14,0.5757575757575758,33
205,Mississippi St.,SEC,14-19,-3.35,100.3,262,103.6,143,66.8,69,+.032,104,+1.92,115,105.3,145,103.3,100,-14.41,351,,SEC,66.8,69,100.3,262,48.5,217,20.2,285,28.6,268,43.3,88,103.6,143,51.1,237,20.3,50,31.5,180,33.0,39,66.8,69,68.5,83,16.1,24,18.9,318,100.3,262,97.9,290,103.6,143,103.4,134,76.4,209,+0.1,166,-0.3,205,+0.4,113,-0.2,191,-0.5,227,-0.8,244,1.29,241,33.3,112,80.6,10,2014,0.40799170558786213,14,19,0.42424242424242425,33
347,Mississippi Valley St.,SWAC,9-23,-22.93,93.0,338,115.9,335,70.9,5,+.012,156,-8.65,338,98.8,346,107.4,257,+6.21,35,,SWAC,70.9,5,93.0,338,45.3,329,20.3,299,29.9,226,36.1,285,115.9,335,54.8,338,18.6,151,32.0,210,49.3,316,70.9,5,73.2,7,16.4,34,16.1,4,93.0,338,94.2,332,115.9,335,111.2,314,75.1,335,-1.3,316,-1.1,288,-1.6,318,-2.0,338,-1.7,317,-1.5,280,0.42,344,44.2,2,32.2,312,2014,0.07368091441126033,9,23,0.28125,32
69,Missouri,SEC,23-12,+10.84,114.1,33,103.2,137,64.8,165,+.062,47,+6.06,67,107.5,83,101.4,53,-1.15,195,2,SEC,64.8,165,114.1,33,51.2,101,19.0,234,34.7,64,52.5,8,103.2,137,47.8,100,15.9,311,30.7,138,37.7,117,64.8,165,65.8,206,17.8,147,18.5,274,114.1,33,109.5,63,103.2,137,104.9,174,78.2,23,+1.3,37,+1.0,65,+1.6,30,+0.3,138,+2.3,14,+2.3,23,1.55,165,22.5,322,33.7,304,2014,0.7603635414337038,23,12,0.6571428571428571,35
157,Missouri St.,MVC,20-13,+1.01,106.5,145,105.5,177,63.0,261,+.114,5,+0.73,132,104.8,158,104.0,112,-2.81,239,,MVC,63.0,261,106.5,145,49.6,169,17.0,79,27.5,295,40.9,156,105.5,177,51.1,238,18.1,195,28.9,63,42.9,226,63.0,261,64.6,269,19.4,302,17.8,157,106.5,145,104.2,179,105.5,177,105.3,184,76.9,138,-0.4,231,-0.1,180,-0.8,281,-0.1,179,+0.3,131,+1.8,52,1.31,235,40.2,15,44.2,233,2014,0.5270962701059252,20,13,0.6060606060606061,33
269,Monmouth,MAAC,11-21,-8.45,96.8,303,105.3,171,66.6,79,-.033,250,-2.91,219,103.8,203,106.7,229,-6.43,322,,MAAC,66.6,79,96.8,303,46.8,283,20.5,309,33.7,96,40.6,165,105.3,171,51.2,245,21.3,26,30.9,145,48.6,308,66.6,79,69.6,50,17.0,72,17.3,57,96.8,303,97.8,292,105.3,171,103.9,143,76.7,161,+0.1,151,+0.7,86,-0.4,229,+1.1,68,+0.5,114,-1.8,296,0.91,316,33.6,101,26.5,327,2014,0.27529650422238655,11,21,0.34375,32
216,Montana,BSky,17-13,-4.45,107.4,132,111.9,296,59.8,342,+.002,182,-6.45,294,103.7,210,110.1,340,+4.97,48,,BSky,59.8,342,107.4,132,54.7,13,15.9,40,24.7,335,42.2,114,111.9,296,52.8,304,18.4,167,34.5,303,45.6,281,59.8,342,61.3,342,19.8,322,19.2,336,107.4,132,111.8,39,111.9,296,110.3,302,76.3,230,-0.3,214,+0.1,152,-0.8,277,-1.0,286,-0.7,248,+0.5,145,1.65,139,24.8,287,61.1,96,2014,0.3841376610193245,17,13,0.5666666666666667,30
302,Montana St.,BSky,14-17,-13.51,95.0,320,108.5,238,63.9,221,+.056,60,-7.16,310,103.3,233,110.5,345,-2.84,243,,BSky,63.9,221,95.0,320,48.0,240,18.0,143,25.8,321,39.3,202,108.5,238,53.8,323,19.6,86,27.4,16,38.7,146,63.9,221,65.3,235,18.4,222,18.1,215,95.0,320,99.4,276,108.5,238,107.0,228,75.5,319,-0.4,222,+0.1,164,-0.8,283,-0.8,266,-2.1,332,-2.2,320,1.09,295,37.5,38,68.3,43,2014,0.17828023739380564,14,17,0.45161290322580644,31
180,Morehead St.,OVC,20-14,-1.02,102.9,215,103.9,149,67.5,51,+.038,92,-3.13,224,104.6,167,107.7,268,+1.03,128,,OVC,67.5,51,102.9,215,49.3,184,22.1,336,38.5,10,53.2,6,103.9,149,51.0,234,20.6,40,27.9,26,52.3,330,67.5,51,70.1,38,16.8,53,17.3,60,102.9,215,104.5,171,103.9,149,103.4,132,76.4,211,+0.6,102,+1.7,30,-0.6,246,-1.1,295,-0.3,197,-1.1,256,1.50,179,28.7,211,34.0,303,2014,0.4722237673290466,20,14,0.5882352941176471,34
224,Morgan St.,MEAC,15-16,-5.11,100.4,255,105.5,178,67.5,52,+.005,172,-5.91,288,101.0,326,106.9,237,+6.11,36,,MEAC,67.5,52,100.4,255,46.5,296,18.4,181,36.1,31,41.5,138,105.5,178,48.6,122,19.8,69,34.0,288,44.7,269,67.5,52,69.3,54,17.2,93,17.3,64,100.4,255,101.2,247,105.5,178,102.3,109,77.0,122,+1.7,19,+3.7,6,-0.2,206,-1.0,282,-0.7,248,+0.1,167,1.89,75,24.5,290,75.9,20,2014,0.36128053481336947,15,16,0.4838709677419355,31
209,Mount St. Mary's,NEC,16-17,-3.96,107.8,127,111.7,292,68.2,39,+.031,110,-4.27,245,102.7,272,107.0,242,+3.09,75,16,NEC,68.2,39,107.8,127,51.5,83,16.7,67,27.8,285,36.7,270,111.7,292,53.5,320,18.9,135,33.0,253,34.5,56,68.2,39,70.0,42,17.2,85,16.9,26,107.8,127,107.9,91,111.7,292,110.2,301,76.3,226,-0.3,211,+1.1,55,-1.8,338,-1.7,329,-0.1,181,+0.6,136,1.91,69,26.0,267,54.8,150,2014,0.3992241061648176,16,17,0.48484848484848486,33
135,Murray St.,OVC,23-11,+3.23,109.0,107,105.8,182,66.2,100,+.032,108,-4.46,249,104.3,178,108.8,298,+2.86,81,,OVC,66.2,100,109.0,107,53.7,27,18.0,145,33.7,95,45.9,47,105.8,182,49.4,154,17.0,254,32.7,242,35.0,61,66.2,100,68.1,105,16.9,58,18.3,240,109.0,107,111.5,42,105.8,182,105.1,178,76.2,243,-1.1,302,-1.1,287,-1.2,303,-1.1,287,-0.5,230,+1.5,66,1.12,287,22.0,326,28.1,321,2014,0.5848388721360398,23,11,0.6764705882352942,34
62,N.C. State,ACC,22-14,+11.60,114.0,34,102.4,121,64.7,172,+.065,39,+7.77,40,108.4,60,100.7,21,-4.31,289,12,ACC,64.7,172,114.0,34,50.0,145,15.8,36,34.2,77,37.0,264,102.4,121,47.5,86,17.5,230,35.7,326,42.6,224,64.7,172,64.9,254,19.3,301,17.4,70,114.0,34,108.2,88,102.4,121,105.8,200,78.2,22,+1.8,18,+2.0,18,+1.5,33,+2.2,8,+1.4,47,+0.2,154,0.93,315,34.9,74,20.0,340,2014,0.7745327382727197,22,14,0.6111111111111112,36
307,NJIT,ind,13-16,-13.86,96.6,304,110.5,270,66.5,87,+.055,64,-7.49,315,101.4,317,108.9,307,-7.49,334,,ind,66.5,87,96.6,304,48.0,238,18.6,197,26.1,316,38.8,217,110.5,270,50.3,199,18.8,138,32.7,241,47.5,298,66.5,87,68.5,84,17.4,109,17.8,143,96.6,304,99.2,278,110.5,270,106.6,221,74.9,341,-2.0,345,-2.3,345,-1.7,327,-1.5,318,-2.1,333,-1.2,265,0.56,342,35.5,68,35.3,297,2014,0.1756614177287902,13,16,0.4482758620689655,29
308,Navy,Pat,9-21,-13.87,93.0,339,106.8,208,61.8,309,-.028,244,-4.77,260,102.8,266,107.6,264,-9.47,347,,Pat,61.8,309,93.0,339,45.8,320,20.0,279,29.7,235,29.4,348,106.8,208,51.2,240,20.8,35,29.8,102,43.2,241,61.8,309,62.6,335,19.1,287,18.5,277,93.0,339,93.3,340,106.8,208,104.3,156,74.9,343,-1.1,294,-1.1,280,-1.1,295,-1.7,326,-2.5,342,-2.5,335,1.33,229,40.8,9,64.6,70,2014,0.16922610022811407,9,21,0.3,30
56,Nebraska,B10,19-13,+12.64,108.8,111,96.1,36,64.7,170,+.047,77,+9.30,18,108.4,61,99.1,3,-1.95,217,11,B10,64.7,170,108.8,111,48.3,225,16.7,68,25.7,323,42.3,107,96.1,36,47.6,89,19.0,124,29.0,67,44.8,271,64.7,170,65.4,231,18.2,202,18.5,273,108.8,111,102.0,228,96.1,36,99.5,63,77.1,111,+0.3,134,+0.2,138,+0.3,130,+1.5,34,+0.8,94,-0.7,241,1.18,273,29.4,194,42.9,242,2014,0.8064963836525876,19,13,0.59375,32
177,Nebraska Omaha,Sum,17-15,-0.86,104.5,190,105.4,175,72.2,4,-.053,304,-2.51,202,104.2,180,106.7,230,-1.98,219,,Sum,72.2,4,104.5,190,49.6,166,17.2,95,29.1,251,39.3,203,105.4,175,51.6,259,20.6,39,31.9,205,36.8,101,72.2,4,73.7,5,15.1,6,17.4,74,104.5,190,106.0,142,105.4,175,104.1,151,75.5,320,-0.6,253,-0.9,263,-0.2,196,-2.3,341,-1.7,317,-0.6,236,1.64,141,36.9,47,71.2,33,2014,0.47536521413536326,17,15,0.53125,32
143,Nevada,MWC,15-17,+2.21,109.5,100,107.3,215,63.4,246,+.027,118,+3.20,107,107.3,91,104.1,115,+1.31,120,,MWC,63.4,246,109.5,100,49.3,181,15.5,26,31.0,186,38.2,235,107.3,215,50.1,188,15.9,312,31.8,197,40.4,171,63.4,246,65.1,245,18.6,236,18.2,225,109.5,100,107.7,99,107.3,215,109.9,289,77.4,85,+0.5,112,-0.3,204,+1.2,43,+1.5,35,+0.3,131,+0.8,122,2.10,37,24.0,299,48.7,203,2014,0.5580872494736344,15,17,0.46875,32
328,New Hampshire,AE,6-24,-17.67,88.7,349,106.4,197,61.2,322,-.086,336,-5.82,284,101.3,319,107.2,254,-1.75,214,,AE,61.2,322,88.7,349,43.7,347,20.5,311,27.3,296,32.3,337,106.4,197,46.6,59,17.0,251,29.1,72,43.8,254,61.2,322,62.9,327,19.7,320,18.2,233,88.7,349,89.5,349,106.4,197,102.7,115,76.3,237,-0.4,229,-0.4,218,-0.5,232,+0.1,161,-1.1,289,-0.3,196,1.42,204,42.0,5,37.1,287,2014,0.10984010296528057,6,24,0.2,30
33,New Mexico,MWC,27-7,+17.15,113.5,41,96.3,39,64.4,191,+.032,106,+4.83,88,107.7,78,102.9,97,+3.24,69,7,MWC,64.4,191,113.5,41,51.1,107,15.9,41,32.5,132,46.6,43,96.3,39,45.0,21,14.9,339,28.2,40,31.3,23,64.4,191,65.5,223,17.4,116,19.2,334,113.5,41,111.0,48,96.3,39,99.2,58,78.3,13,+2.4,7,+2.9,9,+1.8,20,-0.3,205,+1.1,72,+2.7,12,2.08,40,24.4,293,63.3,84,2014,0.8687380798658791,27,7,0.7941176470588235,34
72,New Mexico St.,WAC,26-10,+10.54,112.9,45,102.4,117,65.2,148,-.030,246,-3.64,234,103.0,258,106.7,225,+2.60,88,13,WAC,65.2,148,112.9,45,53.2,33,18.7,206,37.7,17,53.9,4,102.4,117,44.4,11,16.1,301,33.0,251,34.1,52,65.2,148,66.9,155,19.0,271,16.9,23,112.9,45,113.3,21,102.4,117,100.0,72,77.7,48,+3.8,1,+4.9,2,+2.8,2,-2.3,339,-0.7,248,+0.5,141,1.47,187,31.6,150,56.5,129,2014,0.7544671929163648,26,10,0.7222222222222222,36
317,New Orleans,Slnd,11-15,-15.25,96.1,311,111.4,284,70.1,13,+.065,38,-5.98,290,102.9,260,108.9,311,+14.17,2,,Slnd,70.1,13,96.1,311,46.6,290,23.4,347,34.1,79,51.8,11,111.4,284,53.3,312,19.7,73,33.1,258,42.6,222,70.1,13,72.2,10,16.4,31,16.8,13,96.1,311,97.2,301,111.4,284,110.0,291,75.4,328,-1.1,299,-1.9,329,-0.3,208,-0.8,269,-1.7,317,-1.7,289,0.80,324,38.2,34,38.0,276,2014,0.15459759770974393,11,15,0.4230769230769231,26
270,Niagara,MAAC,7-26,-8.75,101.9,229,110.7,274,70.6,9,-.025,239,-0.51,160,105.3,140,105.8,193,+0.88,136,,MAAC,70.6,9,101.9,229,47.2,269,18.5,187,32.1,152,48.6,31,110.7,274,54.7,337,20.2,52,34.5,304,50.6,325,70.6,9,73.8,4,15.3,9,17.0,32,101.9,229,102.0,230,110.7,274,111.2,316,75.5,321,-1.7,336,-1.6,319,-1.8,329,-1.3,308,-0.4,206,-1.0,252,1.90,71,31.9,142,42.5,244,2014,0.27836890199898945,7,26,0.21212121212121213,33
304,Nicholls St.,Slnd,14-15,-13.64,98.0,295,111.6,290,63.6,235,+.109,8,-8.13,333,101.6,310,109.7,332,+3.55,63,,Slnd,63.6,235,98.0,295,49.8,162,18.2,168,28.2,275,39.5,191,111.6,290,51.7,262,19.2,112,31.2,162,60.7,351,63.6,235,66.8,159,18.9,258,16.9,19,98.0,295,100.8,250,111.6,290,108.8,268,75.7,299,-1.9,343,-1.4,308,-2.5,347,-1.4,316,-0.7,244,+1.2,81,1.78,107,34.0,91,65.9,63,2014,0.18325234084654926,14,15,0.4827586206896552,29
258,Norfolk St.,MEAC,19-15,-7.48,102.9,216,110.3,267,62.7,278,+.042,82,-7.58,317,100.5,330,108.1,281,-0.13,165,,MEAC,62.7,278,102.9,216,50.1,142,20.4,301,37.0,25,38.4,232,110.3,267,49.4,158,19.1,116,33.1,259,44.6,266,62.7,278,64.6,270,18.8,254,18.4,259,102.9,216,104.7,167,110.3,267,105.9,201,78.2,21,+1.0,51,+2.0,19,+0.0,172,+1.3,48,+2.2,17,+2.2,27,1.80,100,30.4,171,66.9,50,2014,0.3103181678604413,19,15,0.5588235294117647,34
29,North Carolina,ACC,24-10,+18.44,112.6,48,94.2,20,69.2,18,+.000,186,+8.83,23,110.5,9,101.6,60,+1.31,121,6,ACC,69.2,18,112.6,48,49.9,155,16.9,76,38.1,13,42.9,97,94.2,20,47.0,69,19.3,104,31.3,166,41.4,199,69.2,18,70.0,40,15.3,10,18.9,315,112.6,48,108.4,84,94.2,20,98.9,56,77.5,75,+1.3,33,+0.4,125,+2.2,9,+1.1,67,+0.5,113,-0.3,218,1.18,274,31.1,163,55.9,140,2014,0.8861341796171189,24,10,0.7058823529411765,34
334,North Carolina A&T,MEAC,9-23,-19.56,93.7,332,113.3,321,65.3,142,+.036,98,-7.64,319,99.4,344,107.1,243,+0.24,152,,MEAC,65.3,142,93.7,332,42.7,349,22.1,334,33.4,106,58.6,1,113.3,321,50.1,189,17.9,207,32.1,214,54.4,340,65.3,142,67.3,134,18.1,182,17.3,65,93.7,332,94.6,330,113.3,321,107.9,248,76.4,213,-0.4,215,-0.7,251,-0.0,178,-1.1,298,+0.3,147,+0.2,159,1.03,306,31.6,151,38.7,274,2014,0.10116730757496867,9,23,0.28125,32
92,North Carolina Central,MEAC,28-6,+7.98,108.6,114,100.7,92,62.3,293,+.040,87,-10.35,347,98.1,349,108.5,289,-1.94,216,14,MEAC,62.3,293,108.6,114,50.2,138,17.2,92,35.4,41,49.5,23,100.7,92,44.4,9,23.7,5,33.1,256,44.8,270,62.3,293,64.3,281,18.0,176,19.2,338,108.6,114,111.1,47,100.7,92,92.9,12,76.2,251,-0.9,279,-1.2,299,-0.5,239,-1.7,329,-0.1,176,+0.8,119,1.88,78,25.2,275,56.5,130,2014,0.7044427462924381,28,6,0.8235294117647058,34
264,North Dakota,BSky,17-17,-7.79,104.3,193,112.1,300,67.9,42,+.063,46,-4.79,262,104.0,193,108.7,295,+7.80,21,,BSky,67.9,42,104.3,193,49.9,150,16.4,56,31.0,191,41.6,134,112.1,300,55.4,340,20.9,34,32.1,218,48.4,306,67.9,42,68.5,79,17.1,78,18.1,202,104.3,193,106.9,122,112.1,300,111.2,315,75.4,324,-0.7,270,-0.5,230,-0.9,289,-1.1,293,-1.9,325,-1.8,297,2.37,15,37.1,44,55.6,144,2014,0.3037762595302454,17,17,0.5,34
61,North Dakota St.,Sum,26-7,+11.76,115.5,25,103.7,144,62.3,292,+.089,17,+1.38,121,106.8,105,105.4,173,+5.32,44,12,Sum,62.3,292,115.5,25,54.5,15,15.6,28,30.7,200,41.6,135,103.7,144,49.8,173,17.1,242,27.9,27,40.2,163,62.3,292,63.7,299,18.8,252,19.0,324,115.5,25,115.6,9,103.7,144,105.6,193,77.8,41,-0.1,176,-0.7,248,+0.6,105,+2.1,14,+0.9,88,+2.7,12,2.81,1,22.1,325,84.9,3,2014,0.7754485482767529,26,7,0.7878787878787878,33
263,North Florida,ASun,16-16,-7.75,103.3,208,111.1,276,66.7,77,+.089,18,-3.74,235,102.3,285,106.1,206,+7.46,23,,ASun,66.7,77,103.3,208,49.4,176,21.9,331,34.0,83,40.5,166,111.1,276,51.3,246,15.5,322,31.1,153,40.2,166,66.7,77,68.7,74,17.8,150,16.9,24,103.3,208,102.4,218,111.1,276,108.5,263,77.3,93,+0.1,153,-0.0,173,+0.3,128,+1.3,43,+2.1,20,-0.5,230,1.13,286,31.6,149,39.2,270,2014,0.3021410199912481,16,16,0.5,32
232,North Texas,CUSA,16-16,-5.56,99.4,272,104.9,166,66.9,67,+.047,75,-2.74,213,103.0,259,105.8,188,-3.08,258,,CUSA,66.9,67,99.4,272,46.5,301,18.1,155,29.2,248,41.3,143,104.9,166,48.9,133,17.6,223,30.5,128,42.5,221,66.9,67,69.2,57,16.7,48,17.7,128,99.4,272,99.1,280,104.9,166,103.1,121,76.8,151,-0.4,233,-0.4,217,-0.5,236,-0.3,211,-0.1,179,+1.7,53,1.55,166,39.6,21,37.6,282,2014,0.34993222813986985,16,16,0.5,32
203,Northeastern,CAA,11-21,-3.16,101.4,237,104.5,162,63.2,253,-.047,286,+0.26,144,104.9,151,104.7,140,+3.13,74,,CAA,63.2,253,101.4,237,48.0,242,20.0,280,32.7,127,44.4,67,104.5,162,50.8,223,17.1,246,29.7,97,33.4,44,63.2,253,64.8,259,18.5,235,18.4,253,101.4,237,100.2,260,104.5,162,104.5,165,77.0,131,-0.7,269,-1.1,291,-0.3,210,+0.7,95,+0.7,101,+1.3,74,1.40,208,24.9,281,50.2,192,2014,0.4142773340124504,11,21,0.34375,32
262,Northern Arizona,BSky,15-17,-7.72,100.4,258,108.1,230,62.3,291,+.003,178,-5.81,283,103.9,195,109.7,333,+2.57,89,,BSky,62.3,291,100.4,258,49.9,152,19.6,261,33.1,114,34.3,313,108.1,230,53.0,307,18.4,163,28.0,34,40.1,162,62.3,291,63.6,305,19.7,319,17.9,173,100.4,258,104.0,183,108.1,230,107.1,234,77.3,98,+0.0,173,-0.2,193,+0.2,151,+0.9,80,+1.7,33,+0.3,152,0.97,313,26.4,256,31.6,313,2014,0.2994775515443579,15,17,0.46875,32
227,Northern Colorado,BSky,18-14,-5.30,108.8,110,114.1,325,62.7,275,-.017,219,-7.90,327,102.0,300,109.9,336,-0.85,186,,BSky,62.7,275,108.8,110,53.9,25,17.2,97,33.9,88,37.6,253,114.1,325,54.1,331,19.0,127,31.3,165,40.8,179,62.7,275,63.2,318,18.4,224,19.5,344,108.8,110,113.0,26,114.1,325,110.1,298,74.9,342,-1.7,335,-1.6,318,-1.8,329,-0.4,217,-0.6,232,-4.5,350,1.79,106,31.6,148,64.4,71,2014,0.3665641694023434,18,14,0.5625,32
208,Northern Illinois,MAC,15-17,-3.94,94.4,327,98.3,57,61.5,315,+.019,132,-2.38,200,102.9,264,105.2,167,-3.35,266,,MAC,61.5,315,94.4,327,42.6,350,22.9,344,35.9,33,50.6,18,98.3,57,46.7,61,20.8,36,31.0,150,47.1,293,61.5,315,63.5,311,18.2,201,19.3,341,94.4,327,93.7,335,98.3,57,97.0,27,76.6,168,+0.4,121,+0.6,97,+0.1,158,+0.7,94,-0.1,177,-1.7,288,1.25,251,35.2,71,50.8,184,2014,0.38566909742100375,15,17,0.46875,32
95,Northern Iowa,MVC,16-15,+7.86,113.0,44,105.1,169,64.1,212,-.080,333,+3.43,105,106.1,111,102.7,94,+8.35,18,,MVC,64.1,212,113.0,44,52.7,43,16.1,46,25.9,320,38.5,229,105.1,169,51.1,235,17.1,247,27.9,30,37.3,109,64.1,212,65.4,227,18.2,205,18.1,211,113.0,44,109.7,62,105.1,169,105.6,191,76.5,183,-0.4,230,-0.5,228,-0.4,220,-0.1,180,-0.5,220,+0.6,137,1.40,211,29.8,186,52.6,173,2014,0.6970878723878955,16,15,0.5161290322580645,31
311,Northern Kentucky,ASun,9-21,-14.08,102.7,220,116.8,340,61.1,325,-.044,277,-6.64,299,101.8,306,108.4,287,-3.69,277,,ASun,61.1,325,102.7,220,50.6,125,17.8,135,28.4,271,35.7,291,116.8,340,53.3,317,16.8,262,32.2,219,48.8,311,61.1,325,64.4,276,20.7,344,16.6,6,102.7,220,104.6,170,116.8,340,113.4,334,75.4,326,-1.5,328,-2.1,340,-0.9,290,-0.8,270,-0.3,195,-2.1,318,0.46,343,40.6,12,26.6,326,2014,0.18550507383006548,9,21,0.3,30
134,Northwestern,B10,14-19,+3.33,98.3,288,94.9,23,59.9,341,+.033,101,+9.51,12,110.2,14,100.7,23,-3.83,281,,B10,59.9,341,98.3,288,46.1,315,17.3,102,22.5,348,35.5,296,94.9,23,45.9,38,16.4,289,30.6,135,38.0,122,59.9,341,62.6,333,19.7,317,18.5,275,98.3,288,94.0,333,94.9,23,100.7,86,77.8,42,+1.0,53,+2.2,13,-0.2,199,+0.6,108,+1.7,31,+1.3,78,1.96,55,24.9,284,43.2,237,2014,0.5998412510027821,14,19,0.42424242424242425,33
185,Northwestern St.,Slnd,17-14,-1.31,108.6,115,109.9,263,74.2,1,-.019,225,-4.75,259,103.1,248,107.9,272,+10.12,10,,Slnd,74.2,1,108.6,115,51.3,98,17.0,78,32.6,130,39.8,185,109.9,263,52.1,282,20.0,62,35.9,331,42.9,227,74.2,1,76.6,1,14.0,2,17.4,86,108.6,115,109.9,60,109.9,263,108.3,259,75.0,339,-1.4,322,-1.6,316,-1.3,308,-1.6,324,-1.9,326,-2.0,309,1.15,280,37.1,45,55.8,142,2014,0.46584235696244686,17,14,0.5483870967741935,31
96,Notre Dame,ACC,15-17,+7.70,113.5,40,105.8,185,62.7,276,-.063,316,+6.52,61,108.7,50,102.2,73,-2.88,246,,ACC,62.7,276,113.5,40,51.7,74,15.9,38,32.1,150,30.0,345,105.8,185,51.4,251,16.8,264,30.1,112,32.1,29,62.7,276,64.1,285,19.0,268,18.4,262,113.5,40,110.1,58,105.8,185,108.5,266,78.0,34,+1.8,17,+1.7,27,+1.9,14,+0.6,105,+1.0,83,+1.2,88,2.12,36,29.8,187,57.5,121,2014,0.6916621787373836,15,17,0.46875,32
194,Oakland,Horz,13-20,-2.16,109.9,93,112.0,299,67.1,62,+.025,122,+3.70,103,105.8,118,102.1,71,+9.47,12,,Horz,67.1,62,109.9,93,50.2,139,16.1,43,25.0,330,37.7,251,112.0,299,57.1,349,19.7,80,30.5,127,42.9,228,67.1,62,69.1,64,17.9,167,16.8,15,109.9,93,105.3,158,112.0,299,112.8,328,76.6,175,+0.3,131,+0.9,72,-0.2,203,+0.3,138,+0.9,89,-2.4,327,2.28,24,20.1,335,60.6,98,2014,0.4457958241048339,13,20,0.3939393939393939,33
127,Ohio,MAC,25-12,+3.76,106.5,147,102.7,126,64.3,197,+.035,99,-2.00,190,103.1,256,105.1,160,-1.10,192,,MAC,64.3,197,106.5,147,52.5,47,19.1,238,28.2,274,34.3,312,102.7,126,46.2,46,18.3,171,30.5,124,41.5,204,64.3,197,66.3,182,17.9,162,18.3,237,106.5,147,105.6,150,102.7,126,99.6,65,76.5,198,+0.2,146,+0.1,154,+0.3,118,+0.1,164,+0.2,152,-1.8,299,1.81,93,33.5,105,42.3,247,2014,0.602963388982412,25,12,0.6756756756756757,37
19,Ohio St.,B10,25-10,+21.30,109.3,103,88.0,2,64.0,218,-.043,275,+7.80,39,109.2,36,101.4,50,-3.36,267,6,B10,64.0,218,109.3,103,50.3,135,17.2,89,29.6,238,42.3,110,88.0,2,45.2,24,21.9,16,29.6,93,29.8,9,64.0,218,65.1,247,17.9,164,18.7,298,109.3,103,106.2,140,88.0,2,91.1,3,77.5,74,+0.8,71,+0.8,83,+0.8,81,+1.0,74,+0.2,151,+1.1,99,2.05,44,28.5,218,72.7,27,2014,0.9236309570809222,25,10,0.7142857142857143,35
30,Oklahoma,B12,23-10,+17.90,117.9,16,100.0,82,69.6,17,-.022,232,+9.13,20,110.2,16,101.0,38,+0.50,147,5,B12,69.6,17,117.9,16,51.7,78,15.7,31,32.4,137,39.4,197,100.0,82,49.7,169,17.8,213,30.4,122,38.5,134,69.6,17,71.7,15,15.6,13,17.7,137,117.9,16,113.1,25,100.0,82,104.8,170,76.8,145,-0.4,220,-1.0,273,+0.2,134,-0.7,241,+1.3,53,+0.9,110,1.29,242,26.7,253,38.0,277,2014,0.8691729775728576,23,10,0.696969696969697,33
21,Oklahoma St.,B12,21-13,+20.98,115.9,22,95.0,24,67.2,59,-.110,343,+9.06,21,109.9,19,100.8,28,-1.15,194,9,B12,67.2,59,115.9,22,52.4,48,14.7,12,28.0,282,49.7,22,95.0,24,46.3,50,20.0,59,32.0,208,41.0,187,67.2,59,69.7,49,16.4,35,18.1,216,115.9,22,112.9,29,95.0,24,97.8,37,76.1,253,-0.4,232,-1.0,276,+0.2,155,-0.8,265,+0.2,160,-1.3,267,2.13,34,15.4,349,76.2,18,2014,0.9077766382541443,21,13,0.6176470588235294,34
175,Old Dominion,CUSA,18-18,-0.72,100.7,251,101.4,104,62.5,283,+.005,170,-1.37,175,103.6,215,105.0,152,-0.55,177,,CUSA,62.5,283,100.7,251,47.7,248,20.4,302,34.1,80,39.3,200,101.4,104,47.8,103,19.7,78,30.5,131,44.6,267,62.5,283,64.2,283,19.1,284,17.9,177,100.7,251,99.4,274,101.4,104,99.7,67,76.0,271,-1.4,321,-1.9,329,-0.9,288,-1.1,289,-0.4,210,+1.0,104,1.21,268,27.6,242,52.5,174,2014,0.48009456322266286,18,18,0.5,36
188,Oral Roberts,Slnd,17-16,-1.53,108.0,122,109.6,258,62.8,271,-.058,309,-4.70,254,102.4,282,107.1,246,+10.43,8,,Slnd,62.8,271,108.0,122,50.4,130,17.0,80,32.9,119,41.9,122,109.6,258,48.8,130,16.3,297,30.8,144,42.8,225,62.8,271,65.4,230,19.0,275,17.4,79,108.0,122,108.6,79,109.6,258,106.6,220,76.3,231,-0.4,225,-0.6,241,-0.1,192,-0.5,222,-0.5,217,-0.3,196,1.30,236,28.1,224,47.2,218,2014,0.45782031297702225,17,16,0.5151515151515151,33
28,Oregon,P12,24-10,+19.02,118.9,8,99.9,79,67.5,50,-.037,262,+7.39,50,109.1,37,101.8,62,-1.18,197,7,P12,67.5,50,118.9,8,53.5,31,16.1,44,32.2,147,43.8,82,99.9,79,49.1,145,18.9,130,31.9,206,47.8,302,67.5,50,69.9,43,16.4,30,18.0,188,118.9,8,115.0,13,99.9,79,103.8,140,75.9,285,+0.1,160,-0.2,198,+0.4,111,-0.9,278,-0.7,248,-2.5,332,2.18,30,32.2,135,38.4,275,2014,0.8810384416751497,24,10,0.7058823529411765,34
107,Oregon St.,P12,16-16,+5.81,112.5,52,106.7,205,65.5,130,+.005,173,+5.78,71,108.6,54,102.8,95,-4.96,302,,P12,65.5,130,112.5,52,54.1,21,19.5,258,31.0,183,50.9,17,106.7,205,50.6,212,15.2,331,32.2,222,36.8,102,65.5,130,68.3,94,17.7,145,17.4,75,112.5,52,109.5,64,106.7,205,109.7,280,78.3,15,+1.7,22,+1.1,59,+2.3,6,+1.4,42,+1.0,79,+2.4,20,1.82,90,37.0,46,56.7,128,2014,0.6476484713288881,16,16,0.5,32
148,Pacific,WCC,18-16,+1.98,109.5,99,107.5,220,66.1,102,+.057,59,+3.53,104,107.8,74,104.3,120,+1.32,119,,WCC,66.1,102,109.5,99,50.3,134,18.0,149,31.9,158,40.6,164,107.5,220,52.9,306,17.3,238,27.7,22,52.7,333,66.1,102,67.1,140,17.6,137,18.0,198,109.5,99,107.9,92,107.5,220,110.2,299,76.8,153,+0.3,136,-0.3,206,+0.8,82,-0.6,233,-0.6,234,+1.0,102,1.23,260,39.2,26,47.8,214,2014,0.552799312455681,18,16,0.5294117647058824,34
257,Penn,Ivy,8-20,-7.46,99.1,274,106.6,202,68.2,38,-.013,210,+0.58,135,105.4,136,104.8,147,+0.94,131,,Ivy,68.2,38,99.1,274,49.7,164,22.8,343,28.5,269,39.2,207,106.6,202,48.9,134,18.2,182,34.4,300,49.5,317,68.2,38,70.0,39,16.9,67,17.2,46,99.1,274,97.1,303,106.6,202,106.6,222,76.7,163,+0.8,72,+0.6,99,+1.0,67,-1.2,301,-0.5,221,+0.1,160,1.86,81,37.2,43,74.5,22,2014,0.30175137696862087,8,20,0.2857142857142857,28
81,Penn St.,B10,16-18,+9.00,110.3,87,101.3,103,64.4,194,-.049,291,+7.64,42,107.7,77,100.1,8,-2.52,230,,B10,64.4,194,110.3,87,48.3,223,15.8,35,30.2,220,39.4,198,101.3,103,47.7,97,16.4,290,29.3,77,47.9,303,64.4,194,66.4,177,18.1,183,17.9,185,110.3,87,105.4,154,101.3,103,104.5,163,76.5,202,-0.1,190,+0.1,149,-0.4,224,-0.6,231,-0.7,260,+0.4,149,2.19,29,27.1,249,46.2,224,2014,0.7268802540312175,16,18,0.47058823529411764,34
159,Pepperdine,WCC,15-16,+0.93,107.8,124,106.9,211,64.9,163,+.025,123,+2.95,109,107.1,99,104.2,116,-3.98,283,,WCC,64.9,163,107.8,124,51.1,109,18.1,157,30.9,195,39.0,210,106.9,211,50.0,183,15.1,332,32.5,233,38.3,127,64.9,163,66.4,174,17.8,151,18.1,213,107.8,124,106.3,137,106.9,211,108.7,267,76.1,256,-0.5,240,-0.3,208,-0.6,249,-0.1,188,+0.1,165,-1.8,300,0.64,340,34.2,84,34.3,301,2014,0.52408488702665,15,16,0.4838709677419355,31
16,Pittsburgh,ACC,26-10,+21.89,116.9,18,95.0,25,62.2,295,-.038,264,+7.62,44,108.0,69,100.4,13,-3.66,275,9,ACC,62.2,295,116.9,18,50.7,117,16.3,55,37.3,21,44.3,68,95.0,25,46.7,60,19.2,109,29.1,69,36.4,93,62.2,295,62.6,334,19.1,286,19.1,327,116.9,18,112.4,34,95.0,25,97.4,32,77.5,70,+0.3,132,+0.0,172,+0.6,100,+0.5,118,+1.1,74,+1.9,43,1.59,157,27.8,231,49.5,200,2014,0.9157212874509859,26,10,0.7222222222222222,36
111,Portland,WCC,15-16,+5.40,109.2,104,103.8,147,64.9,164,-.110,344,+0.79,131,106.3,107,105.5,179,-8.19,339,,WCC,64.9,164,109.2,104,50.9,113,17.1,86,32.1,153,39.5,193,103.8,147,48.9,132,16.6,279,29.6,92,43.7,252,64.9,164,67.2,137,18.1,185,17.5,95,109.2,104,109.0,74,103.8,147,104.7,168,77.3,92,+1.4,26,+1.7,28,+1.2,56,-0.0,176,+0.5,116,-0.1,183,1.62,144,33.4,109,65.6,66,2014,0.6418088107322731,15,16,0.4838709677419355,31
278,Portland St.,BSky,17-15,-9.47,102.3,224,111.7,293,64.9,162,+.063,45,-8.07,331,102.8,265,110.9,350,-6.33,320,,BSky,64.9,162,102.3,224,51.7,77,17.1,83,26.5,310,39.6,187,111.7,293,53.3,318,19.5,88,32.8,244,41.5,203,64.9,162,65.6,218,18.7,247,18.0,191,102.3,224,106.8,126,111.7,293,109.5,277,74.5,349,-1.9,341,-1.1,284,-2.6,350,-2.9,350,-2.3,338,-2.0,315,1.23,264,27.2,247,32.3,311,2014,0.26679771540048314,17,15,0.53125,32
325,Prairie View A&M,SWAC,11-23,-16.86,96.1,312,113.0,318,65.9,113,+.005,174,-8.28,334,100.0,336,108.3,285,+8.77,14,,SWAC,65.9,113,96.1,312,46.8,284,20.4,304,31.1,182,40.6,163,113.0,318,51.8,270,19.5,96,36.9,345,50.1,322,65.9,113,68.3,96,18.1,189,17.3,53,96.1,312,97.3,297,113.0,318,109.5,276,76.2,248,+0.4,124,+0.5,107,+0.2,146,-1.6,322,-0.3,199,-1.5,282,1.00,309,34.6,78,31.3,314,2014,0.13435576315687903,11,23,0.3235294117647059,34
349,Presbyterian,BSth,6-26,-25.87,94.2,328,120.0,349,63.5,239,-.017,221,-7.84,324,101.7,307,109.6,326,-7.05,328,,BSth,63.5,239,94.2,328,50.1,143,19.2,245,21.9,349,30.6,344,120.0,349,54.1,329,15.0,338,34.5,305,28.3,4,63.5,239,66.2,192,18.9,264,17.1,35,94.2,328,96.5,313,120.0,349,116.6,347,76.3,235,-2.0,344,-2.2,343,-1.8,329,+0.3,138,+1.6,37,+0.0,172,0.88,317,22.8,319,36.1,292,2014,0.058204638937593055,6,26,0.1875,32
100,Princeton,Ivy,21-9,+6.46,106.4,150,99.9,81,63.2,252,+.014,150,-2.05,191,104.1,183,106.2,211,-2.68,237,,Ivy,63.2,252,106.4,150,52.8,39,17.1,84,25.4,327,38.0,245,99.9,81,48.0,108,18.8,142,25.6,3,37.4,111,63.2,252,64.4,274,18.7,249,18.3,242,106.4,150,107.2,109,99.9,81,98.6,49,78.0,29,+0.9,59,+0.8,76,+1.0,64,+0.3,138,+1.8,28,+2.8,11,1.49,184,33.4,108,51.7,178,2014,0.6736879192292674,21,9,0.7,30
48,Providence,BE,23-12,+13.81,114.6,30,100.8,94,62.9,264,+.051,69,+8.35,31,109.2,35,100.8,32,+0.81,139,11,BE,62.9,264,114.6,30,48.3,224,17.3,100,35.4,46,41.9,123,100.8,94,48.9,135,16.3,295,30.7,136,33.8,49,62.9,264,64.9,253,19.1,282,17.8,151,114.6,30,109.4,68,100.8,94,104.0,149,78.4,11,+1.9,15,+1.5,46,+2.2,7,+1.7,26,+2.5,12,+0.8,125,2.51,11,14.1,350,67.8,48,2014,0.8139008050013226,23,12,0.6571428571428571,35
93,Purdue,B10,15-17,+7.89,108.4,119,100.5,90,67.2,61,-.040,267,+7.85,38,108.7,51,100.8,30,-5.95,313,,B10,67.2,61,108.4,119,47.2,266,17.7,131,36.1,30,38.1,244,100.5,90,47.4,83,16.7,274,30.6,134,41.9,210,67.2,61,68.1,103,16.5,39,18.7,299,108.4,119,103.9,188,100.5,90,103.5,136,76.9,137,+0.6,96,+2.0,17,-0.8,285,+0.1,162,+0.1,163,-0.3,196,1.66,138,39.9,18,52.8,172,2014,0.7047892174226821,15,17,0.46875,32
149,Quinnipiac,MAAC,20-12,+1.89,111.3,66,109.4,254,68.3,37,+.055,65,-1.69,181,103.7,213,105.3,171,-1.31,200,,MAAC,68.3,37,111.3,66,46.8,281,17.6,121,42.3,1,48.1,34,109.4,254,48.0,112,12.0,351,27.5,18,36.2,88,68.3,37,70.8,24,17.7,144,16.1,3,111.3,66,110.5,54,109.4,254,107.2,235,75.8,295,-0.4,226,-0.3,210,-0.4,231,-0.9,274,-1.2,290,-1.6,287,2.23,26,25.6,272,59.8,104,2014,0.5493416964802318,20,12,0.625,32
256,Radford,BSth,22-13,-7.36,106.9,138,114.3,327,66.5,89,+.084,20,-8.98,339,101.5,312,110.5,346,-6.30,319,,BSth,66.5,89,106.9,138,51.9,67,15.8,34,32.1,151,40.4,168,114.3,327,52.4,292,17.6,226,32.2,223,39.0,149,66.5,89,68.4,90,17.4,117,17.5,101,106.9,138,110.6,53,114.3,327,110.1,297,75.1,336,-1.6,334,-1.5,313,-1.8,335,-1.5,320,-2.0,328,-1.3,267,1.73,117,30.3,173,85.8,2,2014,0.31653823884165805,22,13,0.6285714285714286,35
115,Rhode Island,A10,14-18,+5.06,104.4,192,99.3,67,64.1,213,-.067,322,+4.82,89,106.8,104,102.0,65,-2.59,233,,A10,64.1,213,104.4,192,48.7,212,20.8,314,32.8,124,46.3,44,99.3,67,46.9,67,17.4,232,31.3,169,43.0,233,64.1,213,67.3,132,18.4,227,17.1,38,104.4,192,100.2,259,99.3,67,100.9,88,76.9,134,-0.5,250,-1.0,270,-0.1,188,+0.4,130,+0.3,149,+1.7,53,1.23,258,24.9,282,28.6,320,2014,0.6401389322916436,14,18,0.4375,32
299,Rice,CUSA,7-23,-13.23,94.7,324,107.9,227,62.4,289,-.007,200,-0.68,164,103.9,201,104.5,133,-0.46,174,,CUSA,62.4,289,94.7,324,48.2,228,19.6,262,21.3,350,31.9,338,107.9,227,49.5,165,16.8,269,30.5,132,46.4,286,62.4,289,64.2,282,19.5,308,17.5,93,94.7,324,92.8,343,107.9,227,107.0,229,76.0,278,+0.1,156,+0.1,147,+0.1,160,-0.9,279,-0.4,212,-2.5,333,0.99,310,31.4,156,56.8,126,2014,0.18232933975120832,7,23,0.23333333333333334,30
91,Richmond,A10,19-14,+7.99,105.3,178,97.3,52,61.8,308,+.026,121,+4.95,87,107.5,86,102.5,86,-0.29,169,,A10,61.8,308,105.3,178,48.1,236,16.2,49,26.0,319,41.0,155,97.3,52,45.9,36,20.0,61,34.3,298,40.4,170,61.8,308,64.7,263,18.3,206,18.4,265,105.3,178,101.7,237,97.3,52,99.2,59,75.7,300,+0.0,168,-0.3,202,+0.3,119,+0.2,156,-1.2,295,-3.8,346,1.63,142,33.3,111,66.5,54,2014,0.7127270961611489,19,14,0.5757575757575758,33
217,Rider,MAAC,14-17,-4.52,106.9,139,111.4,286,65.4,137,+.041,86,-1.48,177,103.9,194,105.4,176,-1.33,201,,MAAC,65.4,137,106.9,139,50.6,124,19.1,237,31.4,175,45.7,50,111.4,286,53.9,325,19.2,106,31.5,182,43.8,253,65.4,137,68.2,101,17.3,99,17.8,147,106.9,139,106.5,129,111.4,286,110.8,309,76.8,144,-0.6,256,-1.4,305,+0.2,153,+0.1,170,+0.2,150,+1.7,53,1.82,91,29.9,182,64.1,76,2014,0.3836261049136768,14,17,0.45161290322580644,31
173,Robert Morris,NEC,22-14,-0.65,105.8,165,106.5,198,64.2,201,+.093,13,-2.90,218,104.7,162,107.6,263,+5.14,46,8,NEC,64.2,201,105.8,165,50.4,128,17.0,81,30.9,196,36.6,272,106.5,198,51.8,269,19.1,117,31.6,188,38.4,129,64.2,201,66.9,152,17.2,98,18.4,257,105.8,165,107.4,107,106.5,198,106.5,216,75.7,301,-1.4,319,-1.1,279,-1.7,328,-0.8,271,-0.9,276,-0.3,196,1.49,182,37.4,40,53.4,163,2014,0.4810499922020409,22,14,0.6111111111111112,36
170,Rutgers,Amer,12-21,-0.37,106.5,148,106.9,209,66.4,91,-.012,208,+4.95,86,107.3,92,102.4,83,-5.41,308,,Amer,66.4,91,106.5,148,47.0,274,18.2,164,32.5,133,36.6,274,106.9,209,51.4,252,17.8,208,32.9,247,45.0,274,66.4,91,69.0,69,17.3,106,17.3,67,106.5,148,101.2,245,106.9,209,110.0,294,76.5,190,+0.7,90,+0.1,154,+1.3,41,+0.9,78,-0.3,205,-2.9,339,1.66,136,35.4,70,49.9,197,2014,0.4892237744789964,12,21,0.36363636363636365,33
290,SIU Edwardsville,OVC,11-20,-11.94,100.6,254,112.5,307,65.4,139,-.004,197,-6.21,291,103.6,217,109.8,334,-3.76,279,,OVC,65.4,139,100.6,254,52.3,53,20.1,282,29.2,246,37.9,249,112.5,307,55.5,341,19.5,97,33.2,261,40.8,180,65.4,139,68.8,71,17.4,120,17.3,58,100.6,254,104.0,184,112.5,307,111.5,320,75.7,306,-1.4,317,-0.6,239,-2.1,342,-1.4,315,-0.7,248,-0.2,193,1.15,281,37.7,37,39.1,271,2014,0.21657963871377767,11,20,0.3548387096774194,31
31,SMU,Amer,27-10,+17.66,111.3,65,93.7,15,64.5,183,-.043,273,+4.03,97,106.3,108,102.2,78,-5.22,306,1,Amer,64.5,183,111.3,65,52.8,38,20.2,290,35.0,56,43.8,81,93.7,15,44.8,20,21.2,27,30.5,130,38.7,142,64.5,183,66.0,200,17.7,141,18.6,288,111.3,65,107.7,100,93.7,15,94.4,15,77.0,125,+0.9,65,+0.8,79,+0.9,73,+0.6,103,+1.3,53,-1.9,306,1.49,183,36.0,60,41.0,256,2014,0.878628629555969,27,10,0.7297297297297297,37
276,Sacramento St.,BSky,14-16,-9.33,103.4,205,112.8,315,62.8,274,-.008,201,-7.04,308,102.6,278,109.6,327,+1.19,125,,BSky,62.8,274,103.4,205,50.9,115,17.6,124,29.9,228,35.1,299,112.8,315,52.7,303,18.1,190,31.1,151,48.5,307,62.8,274,63.8,297,18.9,259,18.6,284,103.4,205,106.3,139,112.8,315,110.1,295,76.3,223,-0.8,276,-0.0,178,-1.5,314,-0.6,229,-0.5,224,+0.8,120,1.32,231,29.8,184,45.0,230,2014,0.26881740968627693,14,16,0.4666666666666667,30
301,Sacred Heart,NEC,5-26,-13.40,99.3,273,112.7,313,65.9,111,-.093,340,-4.78,261,102.8,267,107.6,266,-2.22,225,,NEC,65.9,111,99.3,273,46.7,289,17.6,123,32.4,140,35.7,293,112.7,313,52.3,287,18.4,162,33.0,255,44.2,261,65.9,111,68.4,88,16.8,49,18.2,229,99.3,273,100.8,251,112.7,313,110.5,305,75.8,293,-1.1,293,-0.3,211,-1.8,336,-0.9,273,+0.3,131,-1.6,284,2.00,48,32.3,131,54.5,152,2014,0.18912369102503604,5,26,0.16129032258064516,31
55,Saint Joseph's,A10,24-10,+12.93,112.3,57,99.4,68,64.3,198,+.079,25,+6.18,64,107.5,85,101.3,45,+0.17,156,10,A10,64.3,198,112.3,57,53.9,24,18.7,201,29.5,241,43.6,85,99.4,68,47.8,104,15.3,330,27.8,23,30.6,16,64.3,198,66.1,198,18.7,250,17.6,109,112.3,57,107.9,93,99.4,68,101.7,101,77.5,65,+0.1,159,-0.9,263,+1.2,53,+1.4,38,+0.8,97,+1.8,50,2.63,6,13.7,351,67.7,49,2014,0.8026991243292986,24,10,0.7058823529411765,34
35,Saint Louis,A10,27-7,+15.72,105.7,168,90.0,8,65.6,124,+.040,88,+5.04,85,107.2,96,102.2,75,-1.50,206,5,A10,65.6,124,105.7,168,49.6,170,18.6,191,28.8,263,40.3,173,90.0,8,44.4,12,21.0,32,29.0,68,35.6,76,65.6,124,67.5,127,17.9,166,17.4,82,105.7,168,102.2,225,90.0,8,91.6,5,76.2,247,+0.7,82,+2.0,20,-0.6,244,-0.1,181,-2.0,330,-1.9,304,2.68,3,27.9,229,68.0,45,2014,0.8640266919060725,27,7,0.7941176470588235,34
65,Saint Mary's,WCC,23-12,+11.39,112.6,49,101.2,101,61.4,317,+.013,152,+3.87,100,108.1,66,104.2,118,-0.69,182,4,WCC,61.4,317,112.6,49,51.4,89,18.2,161,35.8,35,48.0,35,101.2,101,49.7,168,18.1,188,29.7,95,40.9,184,61.4,317,63.5,310,19.8,324,17.7,132,112.6,49,111.5,43,101.2,101,103.9,142,77.0,132,+0.4,116,+0.6,105,+0.3,125,-0.8,263,+0.0,171,+1.2,89,1.89,76,24.4,292,59.6,106,2014,0.7733884324679956,23,12,0.6571428571428571,35
238,Saint Peter's,MAAC,14-17,-5.86,98.1,293,103.9,150,60.5,335,+.059,55,-2.77,214,104.0,192,106.8,232,-6.58,324,,MAAC,60.5,335,98.1,293,45.8,322,18.7,208,30.9,194,42.2,116,103.9,150,47.6,91,18.1,193,31.6,187,40.8,182,60.5,335,63.7,298,19.2,294,18.3,249,98.1,293,98.6,284,103.9,150,102.7,113,76.0,274,-1.1,300,-1.9,329,-0.3,209,-0.6,230,-0.7,248,+0.1,163,1.25,252,26.2,263,32.8,310,2014,0.34060987081998184,14,17,0.45161290322580644,31
197,Sam Houston St.,Slnd,24-11,-2.57,105.8,166,108.4,234,64.5,182,+.073,32,-8.37,335,101.3,320,109.7,331,-4.04,284,,Slnd,64.5,182,105.8,166,51.7,79,18.9,230,34.0,86,52.1,9,108.4,234,50.4,204,20.6,38,32.3,228,49.9,321,64.5,182,66.4,176,18.2,204,18.1,209,105.8,166,109.3,70,108.4,234,104.5,162,76.1,265,-1.1,303,-0.2,195,-2.1,341,-0.7,246,-0.8,268,+0.7,128,0.97,314,32.2,136,55.5,146,2014,0.43065186684181733,24,11,0.6857142857142857,35
321,Samford,SC,13-20,-15.64,100.9,247,116.6,338,65.3,145,+.011,158,-7.46,314,101.4,315,108.8,306,-1.70,211,,SC,65.3,145,100.9,247,51.8,72,18.9,222,27.1,298,38.9,214,116.6,338,53.3,313,17.1,245,33.7,278,49.1,314,65.3,145,67.7,114,17.1,80,18.2,223,100.9,247,102.8,212,116.6,338,113.4,333,76.4,220,-0.5,252,-0.5,229,-0.6,248,-0.6,237,+0.2,157,-0.1,184,1.61,147,29.1,202,64.3,73,2014,0.15934328560602004,13,20,0.3939393939393939,33
138,San Diego,WCC,18-17,+2.98,105.4,172,102.5,122,61.7,312,-.020,227,+2.08,112,107.3,90,105.3,169,-4.75,296,,WCC,61.7,312,105.4,172,51.0,110,18.7,204,28.5,270,41.5,140,102.5,122,49.4,155,17.5,227,30.7,141,37.7,116,61.7,312,63.6,304,19.3,298,18.4,254,105.4,172,104.7,168,102.5,122,104.4,161,76.0,266,+1.4,27,+1.7,31,+1.1,59,+0.4,126,-1.8,323,-4.6,351,1.77,109,26.2,262,53.6,162,2014,0.5795309343969013,18,17,0.5142857142857142,35
23,San Diego St.,MWC,31-5,+20.38,110.4,86,90.0,7,62.3,294,+.067,37,+5.18,79,108.0,68,102.8,96,+2.71,86,4,MWC,62.3,294,110.4,86,46.7,287,15.2,22,36.1,32,45.1,56,90.0,7,44.4,10,20.6,41,29.4,81,32.4,34,62.3,294,63.2,319,18.4,219,19.5,343,110.4,86,107.2,110,90.0,7,91.6,6,78.6,8,+0.8,76,+0.3,133,+1.2,43,+2.4,6,+2.7,9,+2.7,12,2.07,42,27.6,241,46.7,221,2014,0.9128909245816512,31,5,0.8611111111111112,36
88,San Francisco,WCC,21-12,+8.26,112.5,51,104.3,154,63.6,231,+.051,70,+4.01,98,108.0,67,104.0,111,-0.10,164,4,WCC,63.6,231,112.5,51,53.1,35,17.3,101,32.9,118,43.9,77,104.3,154,50.5,207,16.8,270,29.5,84,40.2,165,63.6,231,65.8,210,18.2,196,18.1,217,112.5,51,110.3,55,104.3,154,107.3,239,77.4,81,+0.0,169,-0.2,197,+0.2,134,+0.9,84,+0.9,90,+1.9,42,1.43,203,24.2,295,58.4,112,2014,0.7048167283235363,21,12,0.6363636363636364,33
289,San Jose St.,MWC,7-24,-11.75,94.5,325,106.3,194,64.1,214,-.004,195,+3.90,99,107.6,81,103.7,106,-0.32,170,,MWC,64.1,214,94.5,325,44.7,338,20.3,293,28.1,280,33.0,331,106.3,194,50.0,184,14.9,341,30.5,133,45.9,282,64.1,214,65.2,238,19.2,293,17.5,87,94.5,325,92.6,344,106.3,194,109.5,275,77.5,77,+0.3,133,+0.4,116,+0.1,159,+0.4,123,+0.6,108,+2.2,26,0.81,321,34.1,87,24.5,332,2014,0.2053554243629971,7,24,0.22580645161290322,31
154,Santa Clara,WCC,14-19,+1.18,107.3,133,106.1,191,63.8,225,-.043,272,+3.18,108,107.6,80,104.5,131,-3.87,282,,WCC,63.8,225,107.3,133,48.6,215,15.6,27,29.0,259,36.9,267,106.1,191,50.8,224,18.0,203,33.4,273,46.6,288,63.8,225,65.5,225,19.1,289,17.6,108,107.3,133,105.7,147,106.1,191,108.9,270,76.3,236,+0.0,170,+0.1,146,-0.1,190,-1.7,329,-0.4,211,+0.0,169,1.95,60,30.4,172,46.1,226,2014,0.5322889888145492,14,19,0.42424242424242425,33
281,Savannah St.,MEAC,13-19,-9.93,91.7,345,101.6,109,63.0,260,-.038,263,-6.57,297,101.3,318,107.9,274,+8.62,15,,MEAC,63.0,260,91.7,345,46.3,307,23.9,349,31.9,160,38.9,213,101.6,109,45.4,29,21.4,23,35.1,316,49.0,312,63.0,260,64.6,271,19.0,278,17.8,156,91.7,345,92.5,345,101.6,109,99.0,57,76.0,281,-0.5,246,-0.0,174,-1.0,292,-1.2,303,-1.7,317,+0.2,155,1.28,243,39.1,27,27.8,323,2014,0.23523325317533628,13,19,0.40625,32
240,Seattle,WAC,13-17,-5.95,100.4,259,106.3,196,65.3,143,-.065,319,-4.74,257,103.4,228,108.1,282,-3.04,254,,WAC,65.3,143,100.4,259,48.7,214,20.1,283,36.4,28,33.8,319,106.3,196,49.1,142,18.3,175,31.2,159,48.0,304,65.3,143,67.9,109,17.9,170,17.5,105,100.4,259,102.7,214,106.3,196,104.5,164,76.5,187,+0.7,81,+1.2,54,+0.3,127,-0.5,227,-1.5,310,-0.3,196,1.39,213,36.5,53,45.3,228,2014,0.3414845834787063,13,17,0.43333333333333335,30
94,Seton Hall,BE,17-17,+7.86,108.8,112,100.9,98,64.2,206,-.060,311,+4.73,91,108.3,64,103.6,104,-9.12,345,,BE,64.2,206,108.8,112,52.4,49,18.1,156,26.4,313,43.1,91,100.9,98,50.2,193,18.2,181,28.3,41,41.6,206,64.2,206,66.1,194,18.4,223,17.7,126,108.8,112,106.6,127,100.9,98,104.0,147,78.2,24,+1.2,39,+0.5,108,+1.9,15,+1.7,25,+1.4,45,+1.7,53,1.94,64,36.1,59,51.3,182,2014,0.7040973642637661,17,17,0.5,34
164,Siena,MAAC,20-18,+0.33,101.6,234,101.3,102,64.6,175,+.041,85,-0.36,157,105.8,120,106.2,213,+2.95,77,,MAAC,64.6,175,101.6,234,45.8,319,20.2,291,38.4,11,41.7,129,101.3,102,46.6,58,18.6,150,34.9,314,51.5,329,64.6,175,67.2,139,19.6,312,16.0,1,101.6,234,101.9,231,101.3,102,102.5,110,76.0,279,-0.4,218,-0.8,259,+0.1,165,+0.2,159,-0.8,266,-2.3,324,1.24,256,29.4,195,43.1,238,2014,0.5085009119440088,20,18,0.5263157894736842,38
253,South Alabama,SB,11-20,-7.06,101.1,245,108.1,232,64.5,187,-.047,284,-0.08,151,104.1,181,104.2,119,+5.58,39,,SB,64.5,187,101.1,245,46.4,305,18.4,182,31.6,171,36.4,276,108.1,232,49.1,143,16.4,287,31.4,173,40.8,181,64.5,187,66.4,175,18.1,179,17.8,154,101.1,245,99.5,272,108.1,232,107.1,233,75.0,340,-1.2,306,-1.7,322,-0.7,258,-2.5,349,-2.0,329,-1.7,293,1.70,125,28.0,227,52.9,171,2014,0.3165037923380976,11,20,0.3548387096774194,31
112,South Carolina,SEC,14-20,+5.30,107.5,131,102.2,115,65.4,134,-.052,298,+7.36,51,108.3,65,100.9,34,+0.34,151,,SEC,65.4,134,107.5,131,46.5,297,21.3,320,39.4,7,45.7,49,102.2,115,49.2,148,20.0,63,33.9,284,56.9,346,65.4,134,66.9,157,18.4,221,17.4,83,107.5,131,102.2,224,102.2,115,104.6,166,76.5,186,+0.1,161,+0.7,89,-0.5,238,+0.3,138,-0.3,192,-1.0,255,0.71,336,34.0,89,34.5,299,2014,0.6413964870159268,14,20,0.4117647058823529,34
344,South Carolina St.,MEAC,9-21,-21.14,91.5,348,112.7,312,64.6,180,+.042,83,-6.65,300,100.2,334,106.9,238,+2.17,101,,MEAC,64.6,180,91.5,348,43.4,348,22.5,341,35.6,38,33.6,324,112.7,312,50.2,194,17.7,217,34.4,299,44.6,265,64.6,180,66.8,161,18.5,233,17.3,68,91.5,348,91.7,347,112.7,312,108.5,264,76.3,238,+0.4,117,+1.5,45,-0.7,252,-1.1,290,-1.2,293,-0.7,239,1.08,296,40.3,14,60.8,97,2014,0.08344073113830605,9,21,0.3,30
255,South Dakota,Sum,12-18,-7.13,101.7,232,108.9,246,65.5,129,+.024,127,+0.55,138,105.8,123,105.2,168,+3.40,67,,Sum,65.5,129,101.7,232,48.7,213,18.9,221,25.7,325,39.8,182,108.9,246,51.6,261,15.9,314,30.5,129,37.8,118,65.5,129,66.3,185,18.0,172,18.3,250,101.7,232,100.5,256,108.9,246,109.6,279,76.4,219,+0.1,164,+0.5,109,-0.4,219,-0.3,204,-1.5,307,+0.0,173,1.56,164,36.7,50,58.8,111,2014,0.31289243919636706,12,18,0.4,30
140,South Dakota St.,Sum,19-13,+2.77,107.0,137,104.2,153,65.5,133,-.003,191,-1.49,178,104.7,161,106.2,212,+1.45,116,,Sum,65.5,133,107.0,137,49.6,171,17.9,138,30.9,193,43.7,84,104.2,153,51.3,247,16.3,296,22.4,1,38.4,131,65.5,133,66.8,160,18.1,184,17.7,124,107.0,137,107.1,115,104.2,153,104.1,152,78.3,17,+0.9,64,+0.2,142,+1.6,28,+1.6,31,+1.6,39,+3.2,4,2.21,27,22.2,323,60.4,102,2014,0.5756502096963134,19,13,0.59375,32
191,South Florida,Amer,12-20,-1.90,102.4,223,104.3,155,63.9,222,+.018,137,+3.85,102,106.3,109,102.4,84,-6.07,315,,Amer,63.9,222,102.4,223,46.2,311,19.2,244,31.6,169,43.8,80,104.3,155,49.7,171,17.5,229,31.8,198,33.9,51,63.9,222,66.3,187,18.6,237,17.5,99,102.4,223,97.9,289,104.3,155,105.7,195,77.7,52,+1.2,42,+0.7,91,+1.7,25,+0.9,77,+0.8,98,+0.8,123,1.60,153,33.6,100,46.1,225,2014,0.4473401444376139,12,20,0.375,32
226,Southeast Missouri St.,OVC,18-14,-5.22,108.4,118,113.7,323,69.0,20,-.013,212,-8.06,329,101.9,302,110.0,337,-7.82,335,,OVC,69.0,20,108.4,118,55.1,11,18.5,188,32.3,146,39.5,190,113.7,323,51.8,266,15.8,315,29.0,64,43.0,235,69.0,20,71.0,22,15.9,17,17.8,152,108.4,118,112.3,36,113.7,323,110.5,306,77.1,113,-0.1,177,-0.3,209,+0.2,148,+0.3,138,+1.3,50,+0.7,128,1.61,146,30.3,175,43.0,240,2014,0.36610663911310565,18,14,0.5625,32
312,Southeastern Louisiana,Slnd,12-18,-14.15,98.7,280,112.8,317,63.2,255,+.003,179,-8.51,337,101.0,325,109.5,325,+0.22,155,,Slnd,63.2,255,98.7,280,50.0,144,18.5,184,25.3,328,39.0,211,112.8,317,50.6,216,15.9,309,33.5,276,43.9,255,63.2,255,66.4,180,18.8,256,17.1,40,98.7,280,101.6,238,112.8,317,109.4,274,75.7,305,-0.5,247,-0.6,237,-0.5,233,-0.3,210,-1.3,297,-2.4,329,1.12,290,30.8,166,39.4,269,2014,0.17717421006970113,12,18,0.4,30
198,Southern,SWAC,19-13,-2.58,97.6,297,100.2,83,65.6,122,-.035,256,-9.63,346,99.2,345,108.8,304,+12.66,5,,SWAC,65.6,122,97.6,297,49.3,185,20.5,308,32.0,154,39.3,201,100.2,83,42.8,3,18.3,170,30.1,111,53.7,337,65.6,122,67.7,117,17.3,100,17.6,110,97.6,297,99.8,264,100.2,83,94.3,14,76.7,158,+0.7,88,+0.2,139,+1.1,58,+0.4,124,-0.9,275,-0.7,240,1.10,293,36.8,48,41.6,254,2014,0.4249848186912999,19,13,0.59375,32
165,Southern Illinois,MVC,14-19,+0.17,106.1,157,106.0,187,61.5,316,-.061,312,+0.30,143,104.9,156,104.6,136,-2.86,244,,MVC,61.5,316,106.1,157,49.4,177,18.9,226,33.8,93,42.4,103,106.0,187,50.5,208,19.8,71,31.2,158,42.2,218,61.5,316,63.1,324,19.0,270,19.1,328,106.1,157,104.5,173,106.0,187,105.9,202,76.2,241,-1.3,309,-1.4,309,-1.1,300,-0.6,228,-0.6,235,+1.4,71,1.32,233,35.7,65,42.9,241,2014,0.5027109590197945,14,19,0.42424242424242425,33
64,Southern Miss,CUSA,29-7,+11.51,110.9,73,99.4,69,62.9,265,+.103,9,+0.13,147,104.4,172,104.3,122,-0.66,181,3,CUSA,62.9,265,110.9,73,50.6,122,20.5,306,38.6,9,51.5,14,99.4,69,50.2,196,22.9,9,29.1,73,46.3,285,62.9,265,64.8,262,17.9,163,18.9,319,110.9,73,108.7,77,99.4,69,98.2,42,75.3,330,-1.7,337,-1.9,329,-1.4,313,+0.0,171,-2.4,340,-1.1,260,1.35,224,34.0,92,47.4,217,2014,0.7788509834215049,29,7,0.8055555555555556,36
351,Southern Utah,BSky,2-27,-27.14,87.4,351,114.6,330,64.2,209,-.049,292,-4.02,240,104.7,163,108.7,291,+7.40,24,,BSky,64.2,209,87.4,351,44.7,339,21.4,323,23.8,343,39.3,199,114.6,330,53.1,310,16.6,281,34.2,296,57.7,348,64.2,209,64.6,267,19.6,310,17.4,73,87.4,351,89.0,350,114.6,330,115.3,342,77.5,76,+0.8,75,+1.0,66,+0.6,96,+0.5,114,+0.3,125,+1.4,70,0.59,341,40.0,17,36.2,291,2014,0.04245394415416232,2,27,0.06896551724137931,29
84,St. Bonaventure,A10,18-15,+8.75,111.2,69,102.4,118,65.8,117,-.066,320,+4.20,96,106.9,102,102.7,92,-2.38,227,,A10,65.8,117,111.2,69,49.6,167,18.8,217,36.5,26,41.1,150,102.4,118,50.7,218,21.5,21,31.7,196,45.0,273,65.8,117,68.3,98,16.6,45,18.2,236,111.2,69,107.7,98,102.4,118,102.7,112,77.8,40,+1.2,40,+1.7,29,+0.7,92,-0.3,208,+0.8,96,+2.7,12,1.74,114,29.2,199,50.0,195,2014,0.7207333541819096,18,15,0.5454545454545454,33
199,St. Francis NY,NEC,18-14,-2.65,98.9,278,101.5,107,65.0,158,+.006,169,-5.57,278,103.4,227,109.0,313,+0.23,154,,NEC,65.0,158,98.9,278,48.2,232,19.4,253,33.2,107,36.1,286,101.5,107,45.9,37,18.2,185,29.1,71,43.7,250,65.0,158,66.9,154,18.3,217,17.5,96,98.9,278,101.5,239,101.5,107,99.5,62,75.3,329,-1.7,339,-2.5,347,-0.9,291,-0.8,268,-0.9,272,-1.6,286,1.58,159,41.1,8,62.2,88,2014,0.42594378775930347,18,14,0.5625,32
314,St. Francis PA,NEC,10-21,-14.76,96.4,308,111.1,279,61.1,326,+.038,90,-4.54,252,103.4,231,107.9,273,-1.38,204,,NEC,61.1,326,96.4,308,47.6,256,17.0,82,26.0,318,32.7,332,111.1,279,52.4,293,17.5,228,32.2,224,30.1,11,61.1,326,63.2,320,20.5,339,17.4,71,96.4,308,97.5,294,111.1,279,109.9,290,74.1,350,-2.3,348,-2.4,346,-2.2,344,-3.0,351,-2.5,343,-2.5,336,1.43,202,32.2,138,70.5,35,2014,0.16353854990299602,10,21,0.3225806451612903,31
54,St. John's,BE,20-13,+13.10,108.5,116,95.4,30,66.6,78,-.046,282,+5.32,78,108.7,52,103.3,99,-3.04,255,1,BE,66.6,78,108.5,116,48.7,211,15.6,29,31.1,181,37.1,262,95.4,30,46.5,56,19.2,114,30.8,143,38.1,124,66.6,78,67.4,131,16.6,44,18.8,307,108.5,116,106.1,141,95.4,30,98.4,46,77.8,43,+1.0,54,+0.1,154,+1.9,17,+0.1,169,+1.3,53,+2.2,28,1.81,96,34.8,75,67.8,47,2014,0.8145307887665059,20,13,0.6060606060606061,33
34,Stanford,P12,23-13,+16.06,112.4,54,96.4,40,65.3,147,+.016,144,+9.42,14,110.2,17,100.7,25,+2.34,97,10,P12,65.3,147,112.4,54,51.3,97,16.9,73,29.3,244,45.0,58,96.4,40,48.0,109,17.0,249,28.1,35,37.0,104,65.3,147,67.1,145,17.0,73,18.7,300,112.4,54,107.8,96,96.4,40,101.2,96,78.6,6,+2.0,13,+1.6,40,+2.4,3,+1.9,19,+2.0,25,+1.8,49,2.37,17,18.8,346,61.2,95,2014,0.8539487960750641,23,13,0.6388888888888888,36
70,Stephen F. Austin,Slnd,32-3,+10.83,112.3,58,101.5,105,61.2,323,+.073,33,-7.12,309,102.0,298,109.2,316,-4.19,286,12,Slnd,61.2,323,112.3,58,52.3,55,16.9,75,38.2,12,39.9,181,101.5,105,50.5,210,23.6,7,28.9,62,50.7,327,61.2,323,64.9,251,20.6,343,16.1,2,112.3,58,115.3,10,101.5,105,97.9,38,75.2,334,-1.9,342,-1.9,328,-1.9,340,-1.0,284,-0.3,202,-2.2,321,1.22,267,30.0,179,48.4,209,2014,0.7618453314483782,32,3,0.9142857142857143,35
335,Stetson,ASun,7-24,-20.02,94.5,326,114.5,329,61.3,320,+.032,107,-5.38,272,102.7,274,108.0,278,-2.40,228,,ASun,61.3,320,94.5,326,46.8,280,19.2,241,27.8,286,36.2,283,114.5,329,53.3,316,18.9,134,36.5,341,37.5,114,61.3,320,64.0,289,18.6,243,18.6,287,94.5,326,95.9,319,114.5,329,112.5,326,77.1,119,+0.1,154,+0.3,131,-0.1,183,+0.2,158,+0.3,123,+1.1,94,1.81,92,32.3,134,37.4,284,2014,0.09906005068060922,7,24,0.22580645161290322,31
169,Stony Brook,AE,23-11,+0.00,105.4,173,105.4,173,64.4,193,+.015,148,-7.84,325,99.6,341,107.4,259,-2.03,220,,AE,64.4,193,105.4,173,50.0,148,18.7,202,34.4,71,38.4,231,105.4,173,48.1,113,19.0,125,27.3,13,42.1,216,64.4,193,65.9,203,17.7,142,18.7,293,105.4,173,106.6,128,105.4,173,99.4,61,76.3,222,+0.5,107,-0.1,179,+1.1,60,-1.0,281,-1.5,306,-0.3,196,1.69,126,27.6,236,64.6,69,2014,0.5,23,11,0.6764705882352942,34
18,Syracuse,ACC,28-6,+21.62,114.6,28,93.0,13,59.6,344,+.016,141,+7.23,55,109.4,33,102.2,74,-1.01,189,3,ACC,59.6,344,114.6,28,48.2,229,14.8,14,38.1,15,38.2,240,93.0,13,48.0,111,22.0,15,31.5,175,36.7,97,59.6,344,60.5,347,18.5,234,21.1,351,114.6,28,111.4,44,93.0,13,97.2,28,78.5,10,+0.9,63,+0.4,117,+1.3,36,+3.2,2,+2.1,19,+1.9,39,1.51,174,19.7,339,50.4,190,2014,0.9169610771758321,28,6,0.8235294117647058,34
212,TCU,B12,9-22,-4.34,99.4,271,103.7,146,63.8,224,+.007,167,+10.02,9,110.9,5,100.9,33,-6.41,321,,B12,63.8,224,99.4,271,44.6,340,17.6,127,24.6,337,44.8,60,103.7,146,50.3,201,19.0,123,39.0,351,35.4,72,63.8,224,66.4,179,18.5,232,17.4,77,99.4,271,95.2,325,103.7,146,109.3,271,76.7,159,+0.3,128,+0.8,77,-0.1,189,+1.1,65,-0.7,248,-0.9,251,1.12,289,29.5,193,26.0,330,2014,0.3805946473580602,9,22,0.2903225806451613,31
150,Temple,Amer,9-22,+1.68,110.7,76,109.1,249,66.3,94,-.078,330,+7.08,57,108.4,62,101.3,47,+2.40,92,,Amer,66.3,94,110.7,76,48.0,239,15.1,20,32.3,143,31.7,339,109.1,249,52.6,300,15.9,313,33.9,285,37.2,106,66.3,94,68.4,91,17.5,128,17.5,88,110.7,76,105.9,143,109.1,249,112.3,323,77.8,45,+0.8,77,+0.6,98,+0.9,75,+0.3,138,+1.6,35,+1.9,38,1.04,304,23.4,310,30.8,317,2014,0.541759467355677,9,22,0.2903225806451613,31
10,Tennessee,SEC,24-13,+23.69,117.9,15,94.2,19,61.6,313,-.099,341,+8.12,36,108.9,46,100.8,29,+1.46,115,11,SEC,61.6,313,117.9,15,49.8,161,16.8,71,39.7,5,41.8,128,94.2,19,46.5,54,16.9,256,27.5,19,31.5,25,61.6,313,62.8,328,19.7,315,18.5,269,117.9,15,113.3,23,94.2,19,98.1,41,78.1,26,+0.1,158,-0.8,257,+1.0,65,+1.3,48,+2.9,7,+2.8,9,1.95,61,24.0,297,56.3,131,2014,0.9296150555437648,24,13,0.6486486486486487,37
318,Tennessee Martin,OVC,8-23,-15.40,103.2,211,118.6,346,67.4,56,-.065,318,-5.80,282,103.3,239,109.1,315,-3.45,269,,OVC,67.4,56,103.2,211,48.1,235,16.2,52,30.0,223,35.1,300,118.6,346,58.8,351,19.5,98,32.7,240,49.7,318,67.4,56,70.5,28,17.2,88,16.8,17,103.2,211,104.5,172,118.6,346,116.4,346,76.7,165,-1.3,315,-1.9,329,-0.7,265,-0.7,246,+1.1,78,+2.4,22,1.59,156,36.0,62,65.1,67,2014,0.1680504198830245,8,23,0.25806451612903225,31
288,Tennessee St.,OVC,5-25,-11.71,101.9,231,113.6,322,63.2,256,-.050,294,-1.30,172,105.3,142,106.6,222,+4.89,54,,OVC,63.2,256,101.9,231,47.1,272,18.4,180,31.9,159,43.0,92,113.6,322,52.3,288,16.6,283,33.0,254,51.4,328,63.2,256,66.1,196,18.5,231,17.7,123,101.9,231,101.8,233,113.6,322,113.5,335,75.7,298,-0.1,184,-0.1,185,-0.1,184,-1.8,336,-1.6,315,-1.1,257,1.67,132,30.3,174,39.4,267,2014,0.22270827318214603,5,25,0.16666666666666666,30
268,Tennessee Tech,OVC,17-16,-8.28,100.2,263,108.5,236,66.2,99,+.092,15,-4.90,264,103.9,198,108.8,302,-2.84,241,,OVC,66.2,99,100.2,263,50.0,145,22.4,340,35.5,39,46.1,45,108.5,236,51.5,253,19.5,89,31.6,184,54.3,339,66.2,99,68.4,89,17.2,94,17.7,127,100.2,263,102.5,216,108.5,236,107.6,246,75.9,284,-0.7,272,-1.1,282,-0.4,221,+0.3,154,-1.0,280,-1.7,290,1.45,192,38.6,30,45.3,229,2014,0.2859384021091475,17,16,0.5151515151515151,33
41,Texas,B12,24-11,+14.52,111.8,61,97.3,53,66.8,70,+.092,14,+9.61,10,110.9,4,101.3,46,-1.74,213,7,B12,66.8,70,111.8,61,47.4,261,17.5,117,39.6,6,43.4,87,97.3,53,46.5,55,16.3,298,30.2,115,41.0,185,66.8,70,69.1,63,17.0,69,17.6,107,111.8,61,107.1,116,97.3,53,102.2,108,76.5,196,+1.1,49,+0.4,120,+1.8,23,-1.5,321,-1.1,286,-0.6,232,0.98,311,33.5,106,52.4,175,2014,0.8316679257522457,24,11,0.6857142857142857,35
110,Texas A&M,SEC,18-16,+5.41,101.4,239,95.9,34,61.8,311,-.013,211,+2.04,113,105.5,129,103.5,101,-10.94,349,,SEC,61.8,311,101.4,239,47.9,243,17.4,108,27.5,294,38.8,218,95.9,34,45.3,25,20.3,47,32.0,209,39.8,159,61.8,311,64.1,287,19.0,274,18.2,235,101.4,239,98.9,281,95.9,34,96.4,24,78.0,32,+0.7,83,+0.2,141,+1.2,43,+1.6,28,+2.3,14,+1.1,93,0.98,312,32.9,120,42.0,252,2014,0.6550521843406074,18,16,0.5294117647058824,34
230,Texas A&M Corpus Chris,Slnd,18-16,-5.47,105.2,180,110.6,272,60.5,336,+.016,143,-8.48,336,102.1,295,110.6,348,-3.28,264,,Slnd,60.5,336,105.2,180,51.8,73,19.2,243,35.2,50,43.8,79,110.6,272,50.9,226,18.5,159,32.9,249,45.4,277,60.5,336,63.4,314,20.1,335,17.6,114,105.2,180,108.3,85,110.6,272,107.5,242,75.2,333,-1.0,287,-0.1,181,-1.9,339,-1.9,337,-1.4,304,-2.0,312,1.51,177,33.9,97,66.5,55,2014,0.3599334341150689,18,16,0.5294117647058824,34
295,Texas Pan American,WAC,9-23,-12.80,93.7,333,106.5,200,64.1,215,-.032,249,-4.72,256,103.1,254,107.8,270,-3.62,274,,WAC,64.1,215,93.7,333,45.3,332,17.8,137,29.1,253,35.8,289,106.5,200,50.8,222,21.1,30,34.6,311,46.4,287,64.1,215,66.3,186,16.9,65,19.1,332,93.7,333,95.4,322,106.5,200,105.0,175,76.1,258,-1.1,297,-1.9,329,-0.2,202,+0.3,137,+0.3,130,-1.2,266,1.30,239,31.2,160,39.8,264,2014,0.18655713373600152,9,23,0.28125,32
259,Texas Southern,SWAC,19-15,-7.49,106.7,142,114.1,326,65.7,120,-.004,196,-11.11,349,97.6,350,108.8,300,+2.72,85,16,SWAC,65.7,120,106.7,142,51.7,81,19.3,250,33.6,97,49.3,27,114.1,326,50.2,195,15.8,318,31.2,161,29.8,8,65.7,120,67.6,120,17.2,97,18.0,190,106.7,142,109.3,72,114.1,326,106.8,226,76.8,156,+0.4,126,+0.5,111,+0.2,134,+0.9,82,+0.2,158,-1.5,281,2.15,31,26.3,259,42.3,248,2014,0.3162364162694319,19,15,0.5588235294117647,34
277,Texas St.,SB,8-23,-9.41,94.9,321,104.3,157,61.1,327,-.114,346,-1.35,174,105.3,141,106.7,226,+0.76,140,,SB,61.1,327,94.9,321,47.5,260,21.5,326,29.7,234,33.6,325,104.3,157,51.9,272,19.2,111,28.9,61,43.4,247,61.1,327,63.3,317,19.8,323,17.8,146,94.9,321,95.3,324,104.3,157,104.9,172,77.2,101,-0.4,234,-1.1,289,+0.2,134,+2.0,16,+0.9,87,+0.5,146,1.25,255,36.7,49,57.8,117,2014,0.2523443197230132,8,23,0.25806451612903225,31
80,Texas Tech,B12,14-18,+9.01,111.4,64,102.4,120,59.9,340,-.053,305,+9.58,11,110.7,6,101.1,40,-2.67,236,,B12,59.9,340,111.4,64,49.7,165,18.9,220,37.6,19,38.7,224,102.4,120,49.9,177,17.9,206,32.9,246,42.0,214,59.9,340,63.6,307,19.7,318,18.1,208,111.4,64,107.0,119,102.4,120,107.5,243,78.0,31,+1.0,57,+1.6,38,+0.3,121,+0.8,89,+1.2,67,+2.7,12,1.44,198,33.1,116,61.7,89,2014,0.7248736807323916,14,18,0.4375,32
345,The Citadel,SC,7-26,-22.24,96.3,309,118.5,345,63.5,240,-.046,283,-6.98,307,101.5,314,108.5,288,-0.59,180,,SC,63.5,240,96.3,309,47.7,250,19.2,240,27.0,301,34.4,309,118.5,345,51.6,260,14.8,344,34.6,308,36.4,92,63.5,240,65.6,222,18.6,238,17.8,165,96.3,309,97.3,298,118.5,345,114.1,336,76.3,233,-0.9,283,-1.1,285,-0.8,267,+0.7,98,-0.7,248,-0.1,185,1.37,218,28.2,222,57.9,116,2014,0.08427634742788509,7,26,0.21212121212121213,33
104,Toledo,MAC,27-7,+5.97,115.0,26,109.1,250,67.0,65,+.111,7,-1.65,179,102.7,273,104.4,129,-1.68,210,6,MAC,67.0,65,115.0,26,50.9,112,14.7,13,35.2,49,43.7,83,109.1,250,52.6,299,19.5,93,31.7,191,35.1,63,67.0,65,68.4,92,16.9,62,18.1,205,115.0,26,113.9,19,109.1,250,106.8,225,76.3,221,-0.4,217,-0.1,182,-0.6,251,-0.5,221,+1.0,80,-1.5,279,1.94,62,26.0,266,50.5,189,2014,0.6469531718015463,27,7,0.7941176470588235,34
130,Towson,CAA,25-11,+3.45,110.6,79,107.2,214,63.9,220,+.080,24,-3.45,230,103.7,209,107.1,252,-4.90,300,,CAA,63.9,220,110.6,79,50.5,126,17.5,113,35.6,36,53.3,5,107.2,214,45.7,33,12.8,349,31.7,190,38.1,125,63.9,220,65.0,249,18.3,208,18.6,286,110.6,79,110.9,50,107.2,214,105.2,180,77.7,50,-0.2,199,-0.9,263,+0.5,107,+1.8,24,+1.6,36,+2.1,30,1.86,80,22.7,321,66.2,61,2014,0.5888162970982121,25,11,0.6944444444444444,36
250,Troy,SB,11-20,-6.82,101.9,228,108.8,245,63.3,248,-.085,334,-2.94,220,102.9,261,105.9,196,-3.29,265,,SB,63.3,248,101.9,228,47.5,259,18.9,223,32.9,120,43.9,76,108.8,245,50.5,209,17.9,205,32.5,232,30.6,15,63.3,248,65.1,248,18.1,180,18.6,281,101.9,228,101.2,246,108.8,245,106.3,210,76.1,260,-0.1,188,-0.7,245,+0.4,112,-1.7,329,-0.6,237,-0.3,196,1.05,302,24.1,296,57.8,118,2014,0.32006501566408696,11,20,0.3548387096774194,31
285,Tulane,CUSA,17-17,-11.41,99.7,268,111.1,280,61.9,306,+.143,1,-3.78,236,102.1,294,105.9,197,-8.80,342,,CUSA,61.9,306,99.7,268,47.4,262,20.1,281,30.1,222,49.5,24,111.1,280,50.7,220,16.6,280,32.1,216,40.7,177,61.9,306,63.5,308,19.9,327,17.7,134,99.7,268,99.2,279,111.1,280,109.4,272,76.7,160,+0.3,139,+0.9,69,-0.4,223,-0.5,224,+0.3,131,-0.2,188,0.81,322,23.6,306,20.4,339,2014,0.22355857822038788,17,17,0.5,34
82,Tulsa,CUSA,21-13,+8.93,106.1,159,97.2,51,66.8,72,-.023,234,+0.57,136,104.9,154,104.3,124,+2.81,82,13,CUSA,66.8,72,106.1,159,49.2,188,16.8,69,30.2,219,47.1,40,97.2,51,46.4,53,20.3,49,29.6,91,47.5,297,66.8,72,68.7,72,16.9,63,17.9,176,106.1,159,105.1,163,97.2,51,97.4,31,76.5,179,-0.2,194,-0.5,231,+0.1,156,-1.2,305,+0.3,131,+0.6,139,1.21,269,35.6,66,63.9,79,2014,0.7325365552890458,21,13,0.6176470588235294,34
156,UAB,CUSA,18-13,+1.02,104.1,197,103.1,131,66.8,73,-.009,204,-1.94,189,102.8,269,104.7,141,-3.02,253,,CUSA,66.8,73,104.1,197,45.3,330,18.5,189,39.8,4,41.6,137,103.1,131,46.7,64,15.3,326,29.7,96,30.9,19,66.8,73,69.1,65,16.8,54,17.8,163,104.1,197,103.2,206,103.1,131,100.7,85,77.8,44,+0.5,114,+0.6,100,+0.3,122,+0.3,134,+1.3,53,+3.0,6,1.71,121,29.6,189,55.5,145,2014,0.527722719838831,18,13,0.5806451612903226,31
316,UC Davis,BW,9-22,-15.16,101.3,241,116.4,337,64.8,166,+.035,100,-2.72,212,103.9,199,106.6,223,-4.98,303,,BW,64.8,166,101.3,241,49.9,153,17.3,99,23.9,342,37.2,257,116.4,337,55.8,345,18.3,173,35.6,323,38.8,147,64.8,166,66.5,171,18.0,177,17.9,175,101.3,241,101.2,244,116.4,337,115.6,343,76.3,228,-0.4,224,-0.8,253,-0.0,180,-0.9,276,+0.3,131,-0.5,227,1.43,201,35.6,67,40.4,260,2014,0.16827806300761902,9,22,0.2903225806451613,31
90,UC Irvine,BW,23-12,+8.16,103.9,199,95.7,31,62.8,269,-.020,226,-1.07,169,105.9,115,107.0,241,+1.82,106,8,BW,62.8,269,103.9,199,51.4,87,19.4,256,32.0,155,36.3,282,95.7,31,42.3,2,14.9,340,29.6,90,39.3,152,62.8,269,64.9,252,18.2,195,18.4,260,103.9,199,104.9,164,95.7,31,96.3,23,78.1,25,+3.1,3,+5.3,1,+0.9,79,-0.6,232,+0.4,122,+1.2,84,1.38,217,32.3,133,48.3,210,2014,0.7201935529721177,23,12,0.6571428571428571,35
273,UC Riverside,BW,10-21,-9.00,98.7,281,107.7,223,65.8,114,-.049,290,-3.15,225,103.2,242,106.4,218,-5.99,314,,BW,65.8,114,98.7,281,46.5,298,19.4,255,29.3,245,41.9,124,107.7,223,49.3,152,17.4,233,30.7,140,43.0,234,65.8,114,67.1,143,17.4,122,18.2,221,98.7,281,97.9,288,107.7,223,105.5,188,76.1,254,+0.0,167,+0.3,134,-0.2,200,-0.7,246,-0.8,265,-1.3,272,1.09,294,36.3,55,49.5,199,2014,0.26824533028918524,10,21,0.3225806451612903,31
102,UC Santa Barbara,BW,21-9,+6.25,110.6,81,104.4,158,62.1,298,+.056,62,-0.35,155,104.8,157,105.2,162,+5.07,47,,BW,62.1,298,110.6,81,53.1,36,17.6,129,31.0,188,41.9,120,104.4,158,47.0,70,16.0,305,31.7,195,39.3,151,62.1,298,63.1,321,20.0,331,17.9,184,110.6,81,110.3,56,104.4,158,104.0,146,76.3,224,+0.1,163,-0.4,221,+0.6,102,-0.4,216,-1.4,301,-0.3,196,1.38,216,28.0,226,64.3,74,2014,0.6600326582911873,21,9,0.7,30
155,UCF,Amer,13-18,+1.05,107.1,135,106.1,190,66.3,96,-.047,285,+5.55,75,107.4,87,101.9,64,-8.88,343,,Amer,66.3,96,107.1,135,49.0,194,20.0,276,38.1,14,38.2,236,106.1,190,51.9,275,17.2,241,33.1,257,36.6,96,66.3,96,67.5,128,18.3,216,17.2,44,107.1,135,103.7,193,106.1,190,108.2,257,77.5,78,+0.3,129,-0.2,199,+0.9,77,+1.6,30,+1.2,70,+0.4,151,1.83,87,31.8,144,73.0,26,2014,0.526944052290559,13,18,0.41935483870967744,31
14,UCLA,P12,28-9,+22.53,118.7,11,96.1,37,68.4,33,-.019,224,+7.63,43,109.1,39,101.5,58,-3.26,262,4,P12,68.4,33,118.7,11,54.1,22,14.5,9,29.8,233,38.2,238,96.1,37,49.9,178,20.3,48,28.6,49,35.7,77,68.4,33,70.1,36,15.8,15,18.3,247,118.7,11,115.1,12,96.1,37,99.9,69,78.8,5,+1.7,20,+1.1,59,+2.4,4,+1.9,21,+2.0,22,+3.1,5,1.60,150,31.5,152,65.9,64,2014,0.9190057961651251,28,9,0.7567567567567568,37
323,UMBC,AE,9-21,-16.07,92.6,340,108.7,242,66.6,84,-.003,193,-6.55,296,100.7,328,107.2,255,-2.57,231,,AE,66.6,84,92.6,340,45.3,331,21.5,325,29.9,230,40.4,171,108.7,242,51.5,255,21.5,20,31.1,155,57.6,347,66.6,84,68.0,107,17.4,119,17.8,145,92.6,340,93.4,338,108.7,242,104.4,158,76.1,259,-0.2,193,-0.2,191,-0.2,193,+0.4,128,-2.3,339,-0.5,231,1.02,307,42.5,3,44.1,234,2014,0.13664017932274766,9,21,0.3,30
272,UMKC,WAC,10-20,-8.94,98.4,286,107.4,218,68.3,35,+.017,138,-2.53,203,104.4,174,106.9,239,+3.16,73,,WAC,68.3,35,98.4,286,48.2,233,18.3,171,25.7,324,40.9,157,107.4,218,52.5,295,19.3,102,31.2,163,43.3,242,68.3,35,71.2,18,16.6,41,17.2,41,98.4,286,97.5,295,107.4,218,107.0,232,76.6,174,+0.5,108,+0.3,129,+0.7,88,+0.7,96,-0.7,242,-1.6,285,1.12,288,29.1,203,36.7,290,2014,0.2676706873256208,10,20,0.3333333333333333,30
322,UMass Lowell,AE,10-18,-16.04,95.3,318,111.4,285,62.7,280,+.063,43,-4.17,244,101.7,309,105.9,198,+4.91,52,,AE,62.7,280,95.3,318,45.6,325,20.9,315,27.9,284,38.8,221,111.4,285,50.3,198,18.2,186,36.0,333,35.5,74,62.7,280,64.6,273,20.1,334,17.2,50,95.3,318,93.9,334,111.4,285,108.1,256,74.1,351,-2.5,350,-3.2,350,-1.8,329,-2.5,348,-3.1,349,-2.3,326,0.20,349,27.5,244,0.0,0,2014,0.14244596661706432,10,18,0.35714285714285715,28
235,UNC Asheville,BSth,17-15,-5.75,106.7,141,112.5,306,69.0,21,+.026,120,-5.70,280,103.1,250,108.8,305,+3.00,76,,BSth,69.0,21,106.7,141,51.4,88,19.3,252,33.6,99,43.4,86,112.5,306,51.2,239,16.8,266,34.2,295,41.3,194,69.0,21,70.3,33,17.3,105,16.6,8,106.7,141,108.4,83,112.5,306,110.5,307,76.0,275,-0.3,213,+1.6,41,-2.2,345,-1.1,291,+0.3,131,-2.0,314,1.17,276,22.1,324,20.7,338,2014,0.3523515286711118,17,15,0.53125,32
315,UNC Greensboro,SC,14-18,-15.00,93.9,331,108.9,247,68.8,24,+.068,36,-7.50,316,101.8,304,109.3,322,-1.74,212,,SC,68.8,24,93.9,331,47.1,273,20.0,277,28.7,265,37.0,263,108.9,247,50.8,225,17.0,250,27.6,20,47.0,291,68.8,24,70.3,30,16.5,40,17.3,66,93.9,331,96.6,311,108.9,247,105.8,197,76.5,201,-0.7,266,-1.6,314,+0.2,147,+0.5,111,+0.3,124,-0.7,237,1.30,238,31.1,162,37.5,283,2014,0.15390502795342495,14,18,0.4375,32
280,UNC Wilmington,CAA,9-23,-9.67,96.0,313,105.7,180,62.2,296,-.043,274,+0.03,149,106.1,112,106.1,207,+3.52,64,,CAA,62.2,296,96.0,313,44.0,345,17.6,126,31.4,174,32.3,336,105.7,180,50.4,203,17.3,239,34.1,292,42.0,213,62.2,296,64.3,279,19.4,304,17.9,178,96.0,313,95.4,320,105.7,180,107.2,236,76.6,172,+0.6,95,+0.1,154,+1.2,54,-0.7,246,-1.1,287,+0.1,162,1.61,148,40.1,16,66.9,51,2014,0.2484395542005255,9,23,0.28125,32
79,UNLV,MWC,20-13,+9.15,108.2,121,99.0,62,65.2,150,-.048,287,+0.46,139,105.5,132,105.0,153,-7.31,331,,MWC,65.2,150,108.2,121,48.9,199,16.6,65,34.2,75,39.5,194,99.0,62,44.5,13,15.3,329,31.0,149,25.7,1,65.2,150,66.5,167,17.3,104,18.8,310,108.2,121,106.4,132,99.0,62,98.1,39,77.2,103,+1.0,52,+0.7,93,+1.4,35,+0.7,92,-0.5,214,+0.3,153,1.68,131,29.7,188,24.3,334,2014,0.7353439785460963,20,13,0.6060606060606061,33
151,USC,P12,11-21,+1.53,103.5,203,102.0,112,68.4,34,-.014,216,+8.70,27,109.7,25,101.0,36,-0.45,173,,P12,68.4,34,103.5,203,47.8,246,19.6,260,30.6,202,42.3,111,102.0,112,48.9,131,15.7,319,32.2,221,38.7,143,68.4,34,70.5,27,16.0,20,18.1,206,103.5,203,98.8,283,102.0,112,106.5,218,78.3,14,+3.1,2,+4.2,5,+2.1,10,+0.0,173,+0.3,131,+1.6,62,1.66,137,31.6,147,37.2,286,2014,0.5418732420294298,11,21,0.34375,32
167,USC Upstate,ASun,19-15,+0.10,105.0,185,104.9,165,64.2,207,-.059,310,-5.48,275,103.1,249,108.6,290,+1.74,109,,ASun,64.2,207,105.0,185,50.5,127,18.3,176,34.9,60,38.9,216,104.9,165,47.6,92,18.0,197,31.0,148,38.6,137,64.2,207,66.5,173,18.3,215,17.7,125,105.0,185,107.1,112,104.9,165,103.1,125,77.3,96,+0.2,149,-0.4,214,+0.7,94,+0.7,97,+0.7,100,+1.2,82,2.54,8,30.7,168,74.3,23,2014,0.502739372511987,19,15,0.5588235294117647,34
215,UT Arlington,SB,15-17,-4.42,105.9,164,110.3,266,68.2,40,+.059,54,-0.49,159,104.5,171,104.9,149,+5.69,38,,SB,68.2,40,105.9,164,50.0,149,18.8,211,31.2,178,42.3,109,110.3,266,52.2,285,16.9,259,32.3,225,42.6,223,68.2,40,70.1,37,16.8,55,17.5,90,105.9,164,104.8,166,110.3,266,110.3,303,75.5,322,-0.1,182,+0.6,101,-0.8,282,-2.3,340,-1.7,317,-1.8,298,1.38,215,28.0,228,32.9,308,2014,0.3850542670682352,15,17,0.46875,32
103,UTEP,CUSA,23-11,+6.02,105.3,175,99.3,65,63.0,262,+.015,147,-2.23,197,104.1,186,106.3,216,-0.40,172,,CUSA,63.0,262,105.3,175,50.6,120,20.2,287,32.5,135,52.7,7,99.3,65,44.5,14,17.4,236,33.3,267,37.8,119,63.0,262,64.8,261,19.8,326,17.2,43,105.3,175,105.4,156,99.3,65,98.7,52,79.2,2,+3.0,5,+2.9,8,+3.0,1,+3.3,1,+3.9,1,-0.5,228,1.77,110,23.2,312,53.8,161,2014,0.6625503526934127,23,11,0.6764705882352942,34
313,UTSA,CUSA,8-22,-14.68,100.9,248,115.6,331,66.5,86,+.000,187,-1.79,185,103.2,240,105.0,159,-3.21,260,,CUSA,66.5,86,100.9,248,47.9,245,23.2,346,34.5,69,51.5,13,115.6,331,54.9,339,17.1,248,33.1,260,44.0,260,66.5,86,68.1,104,17.4,113,17.6,116,100.9,248,99.6,269,115.6,331,114.7,340,76.2,250,-0.5,248,-0.0,176,-1.0,294,-0.7,246,-0.9,274,+0.0,170,0.88,318,32.1,140,39.1,272,2014,0.1730634996052486,8,22,0.26666666666666666,30
40,Utah,P12,21-12,+14.81,110.7,77,95.9,33,63.6,230,-.052,300,+5.51,76,107.8,75,102.3,80,-11.55,350,5,P12,63.6,230,110.7,77,53.1,37,18.3,170,28.2,277,39.8,184,95.9,33,47.3,81,18.8,136,29.2,76,36.2,87,63.6,230,65.8,207,19.0,267,17.3,63,110.7,77,107.7,101,95.9,33,98.7,54,77.2,109,+0.5,109,+1.7,33,-0.7,253,+0.4,127,+2.3,14,-1.4,274,0.80,325,27.8,233,40.4,258,2014,0.8389525848052856,21,12,0.6363636363636364,33
121,Utah St.,MWC,18-14,+4.48,109.8,94,105.3,172,62.2,297,+.009,161,+1.99,114,105.8,122,103.8,109,-5.53,310,,MWC,62.2,297,109.8,94,51.3,96,17.2,94,32.3,144,33.7,322,105.3,172,47.6,93,12.4,350,26.7,9,33.6,46,62.2,297,62.9,326,19.0,276,18.9,316,109.8,94,108.2,87,105.3,172,105.9,205,77.2,105,+0.5,111,+0.7,87,+0.2,134,-0.1,184,+0.4,121,+1.2,86,1.52,172,32.7,125,61.4,92,2014,0.6180410564109919,18,14,0.5625,32
204,Utah Valley,WAC,20-12,-3.19,102.8,218,106.0,189,61.1,329,+.121,2,-4.50,250,103.1,252,107.6,265,-0.78,185,7,WAC,61.1,329,102.8,218,48.8,204,17.2,93,27.7,288,38.7,225,106.0,189,49.5,162,15.8,317,28.8,57,35.4,73,61.1,329,63.3,316,20.0,332,17.8,148,102.8,218,103.2,205,106.0,189,104.4,160,76.1,257,-0.4,223,-0.4,223,-0.3,215,-0.2,198,-1.7,317,-0.1,187,1.95,59,21.3,329,39.4,268,2014,0.4127719406459342,20,12,0.625,32
25,VCU,A10,26-9,+19.80,109.2,106,89.4,6,68.9,22,-.058,308,+5.45,77,107.4,88,102.0,66,+1.33,118,5,A10,68.9,22,109.2,106,47.9,244,17.2,87,34.9,57,35.2,298,89.4,6,47.8,99,25.6,1,30.9,147,39.7,158,68.9,22,70.3,31,16.1,25,17.9,172,109.2,106,105.4,155,89.4,6,91.4,4,76.6,170,-0.4,228,-0.2,200,-0.6,247,-0.3,203,-0.5,231,+1.3,77,1.80,102,32.8,122,63.4,82,2014,0.9089345311600566,26,9,0.7428571428571429,35
210,VMI,BSth,22-13,-3.97,108.3,120,112.2,302,73.3,2,+.061,49,-6.32,293,102.9,262,109.2,318,-0.15,166,,BSth,73.3,2,108.3,120,49.9,154,13.6,5,32.5,136,34.5,307,112.2,302,49.9,180,15.6,320,34.1,290,36.8,98,73.3,2,74.5,2,15.1,7,17.2,49,108.3,120,110.6,52,112.2,302,109.7,283,74.8,346,-0.7,262,-0.4,224,-0.8,287,-2.4,345,-3.3,350,-2.2,322,1.68,127,28.1,225,53.2,166,2014,0.39966883583518487,22,13,0.6285714285714286,35
163,Valparaiso,Horz,18-16,+0.50,104.2,194,103.7,145,63.4,245,-.028,242,-0.48,158,104.5,169,105.0,156,+0.15,157,,Horz,63.4,245,104.2,194,51.4,90,22.6,342,33.0,116,45.8,48,103.7,145,46.2,44,16.1,304,31.4,171,43.9,256,63.4,245,65.6,217,17.9,158,18.6,285,104.2,194,103.7,192,103.7,145,103.1,122,77.4,82,+1.9,14,+1.9,24,+1.9,18,+1.5,37,-0.8,267,-0.8,245,0.66,338,37.4,41,24.3,335,2014,0.513825265496213,18,16,0.5294117647058824,34
109,Vanderbilt,SEC,15-16,+5.49,104.1,196,98.6,59,61.9,302,+.019,134,+6.14,65,107.6,82,101.4,52,-0.88,187,,SEC,61.9,302,104.1,196,49.1,191,20.6,312,29.9,231,41.2,148,98.6,59,45.7,34,16.5,286,34.6,310,35.3,67,61.9,302,64.4,275,19.3,295,17.8,167,104.1,196,99.5,271,98.6,59,101.2,97,78.3,19,+2.2,11,+1.9,22,+2.4,5,+2.4,5,+0.5,117,+0.7,126,1.54,167,23.9,301,50.5,188,2014,0.6511795773510872,15,16,0.4838709677419355,31
75,Vermont,AE,22-11,+10.16,109.9,92,99.7,75,62.1,299,-.064,317,-3.91,239,101.8,305,105.7,185,+7.39,25,7,AE,62.1,299,109.9,92,52.2,59,18.2,160,33.2,111,46.0,46,99.7,75,45.5,31,20.1,55,27.8,24,40.2,167,62.1,299,63.5,312,18.7,246,18.9,312,109.9,92,110.0,59,99.7,75,95.4,16,77.6,56,-0.1,179,-0.5,233,+0.4,114,+1.3,47,+1.5,44,+1.9,45,2.65,5,28.7,212,76.3,16,2014,0.754018323319996,22,11,0.6666666666666666,33
11,Villanova,BE,29-5,+23.68,116.3,21,92.6,12,66.0,103,+.075,30,+7.47,49,110.1,18,102.6,90,+2.61,87,2,BE,66.0,103,116.3,21,53.6,28,17.3,104,32.6,129,44.5,65,92.6,12,46.3,48,20.0,60,28.7,52,38.6,138,66.0,103,67.6,119,17.4,107,18.1,214,116.3,21,113.3,24,92.6,12,96.5,26,77.5,62,-0.2,191,+0.2,140,-0.5,241,+1.2,59,+1.3,51,+2.0,33,1.91,67,30.8,167,72.6,29,2014,0.9321797637540394,29,5,0.8529411764705882,34
4,Virginia,ACC,30-7,+26.46,114.8,27,88.3,4,59.5,345,+.012,154,+8.67,28,109.4,31,100.8,27,+1.57,114,1,ACC,59.5,345,114.8,27,50.8,116,16.5,59,33.9,89,42.0,117,88.3,4,44.2,7,18.4,165,25.8,4,32.5,35,59.5,345,60.6,346,19.8,321,19.7,346,114.8,27,109.0,73,88.3,4,91.7,7,78.3,12,+0.8,67,+0.5,112,+1.2,43,+1.5,36,+2.7,10,+2.4,21,1.85,84,29.1,206,55.9,139,2014,0.9533891949463764,30,7,0.8108108108108109,37
174,Virginia Tech,ACC,9-22,-0.68,100.1,265,100.8,95,62.3,290,-.080,332,+6.13,66,108.8,49,102.6,89,-7.09,329,,ACC,62.3,290,100.1,265,47.1,270,19.7,263,31.7,168,38.1,242,100.8,95,47.0,68,13.0,348,29.5,86,33.5,45,62.3,290,63.6,303,20.1,336,17.5,97,100.1,265,97.1,302,100.8,95,104.4,157,78.5,9,+1.4,29,+1.4,48,+1.3,37,+2.1,15,+1.6,34,+2.9,7,1.27,249,36.6,51,49.6,198,2014,0.4799757914773787,9,22,0.2903225806451613,31
189,Wagner,NEC,19-12,-1.70,98.6,282,100.3,84,66.6,81,+.016,140,-6.85,305,102.6,275,109.5,324,-0.25,167,,NEC,66.6,81,98.6,282,46.6,293,18.2,159,34.5,68,36.6,273,100.3,84,44.2,8,18.7,149,31.8,201,43.4,246,66.6,81,69.2,60,17.6,134,17.0,28,98.6,282,102.4,219,100.3,84,98.1,40,76.0,277,+0.6,101,+0.9,70,+0.3,132,-2.4,344,-2.1,331,-0.3,196,2.32,20,36.0,61,68.7,41,2014,0.45101117128920265,19,12,0.6129032258064516,31
117,Wake Forest,ACC,17-16,+4.99,106.6,144,101.6,108,66.4,93,+.059,53,+7.26,53,109.5,28,102.2,79,-6.16,317,,ACC,66.4,93,106.6,144,49.8,160,18.4,179,30.3,216,50.1,20,101.6,108,47.6,88,16.8,271,33.7,280,39.0,150,66.4,93,67.4,130,17.2,87,18.4,255,106.6,144,102.8,213,101.6,108,105.3,185,77.5,71,+0.9,58,+0.6,102,+1.3,39,+1.4,39,+0.0,166,+0.7,128,2.05,45,32.6,128,74.1,24,2014,0.634706078833233,17,16,0.5151515151515151,33
98,Washington,P12,17-15,+6.78,111.8,62,105.0,168,66.7,76,+.037,95,+5.92,70,107.9,73,102.0,67,-4.23,288,,P12,66.7,76,111.8,62,49.6,168,16.5,60,32.2,148,37.1,260,105.0,168,51.8,267,16.3,299,29.2,75,41.4,200,66.7,76,68.7,75,16.9,66,17.9,186,111.8,62,107.8,97,105.0,168,108.0,252,77.1,118,-0.3,212,+0.1,154,-0.7,262,+0.0,174,+0.7,105,+1.9,37,1.71,119,23.2,313,44.2,232,2014,0.6729678166041505,17,15,0.53125,32
190,Washington St.,P12,10-21,-1.84,101.7,233,103.6,141,60.5,338,-.042,269,+7.58,45,108.9,45,101.3,48,-3.55,272,,P12,60.5,338,101.7,233,46.9,279,18.0,147,27.7,290,37.2,256,103.6,141,51.5,254,17.5,231,27.9,29,44.7,268,60.5,338,63.0,325,20.9,346,17.0,29,101.7,233,96.6,310,103.6,141,107.0,230,78.3,20,+1.6,24,+1.9,25,+1.3,42,+1.2,60,+1.3,52,+2.3,24,1.32,230,34.3,83,61.3,94,2014,0.4469837099336341,10,21,0.3225806451612903,31
172,Weber St.,BSky,19-12,-0.62,106.4,149,107.0,213,62.9,263,-.009,203,-6.78,304,103.3,238,110.0,338,+6.69,30,16,BSky,62.9,263,106.4,149,54.1,20,19.0,233,28.4,272,49.7,21,107.0,213,47.8,102,13.8,347,28.7,54,35.1,64,62.9,263,63.9,291,19.1,281,18.2,220,106.4,149,110.2,57,107.0,213,105.3,182,77.2,108,+0.9,66,+0.8,85,+1.0,69,-0.7,238,+0.3,127,+1.0,107,1.56,163,23.9,300,56.0,135,2014,0.48383876616792715,19,12,0.6129032258064516,31
58,West Virginia,B12,17-16,+12.29,115.5,24,103.2,135,66.3,97,-.066,321,+8.80,24,110.3,11,101.5,55,-2.82,240,5,B12,66.3,97,115.5,24,50.4,129,14.2,7,32.4,138,39.1,209,103.2,135,50.6,211,18.5,158,32.5,233,41.6,207,66.3,97,68.5,81,17.8,155,17.2,48,115.5,24,111.9,38,103.2,135,106.6,219,77.1,120,+1.1,48,+0.5,114,+1.7,24,-0.4,214,-0.6,236,+0.7,128,1.34,226,32.3,132,52.1,177,2014,0.7849786652040457,17,16,0.5151515151515151,33
237,Western Carolina,SC,19-15,-5.82,103.7,200,109.5,257,65.6,127,+.028,116,-6.22,292,102.2,293,108.4,286,+1.92,104,,SC,65.6,127,103.7,200,48.2,227,17.8,132,35.4,42,36.8,268,109.5,257,50.5,206,19.8,70,32.7,238,58.0,349,65.6,127,67.8,112,17.1,81,18.0,193,103.7,200,105.7,148,109.5,257,106.2,208,76.4,217,-1.0,289,-1.1,292,-0.8,286,-0.7,262,+0.2,154,+0.9,112,2.54,9,34.2,85,81.9,8,2014,0.3484503179510557,19,15,0.5588235294117647,34
274,Western Illinois,Sum,10-20,-9.06,94.1,329,103.2,134,60.9,331,-.068,324,-1.33,173,105.8,121,107.2,253,-1.54,208,,Sum,60.9,331,94.1,329,49.1,189,21.6,327,24.8,333,38.9,212,103.2,134,48.6,123,18.7,146,28.5,45,47.1,294,60.9,331,62.1,340,19.9,329,18.4,261,94.1,329,95.0,329,103.2,134,103.1,123,76.6,171,-0.6,254,-0.9,263,-0.2,201,+0.9,79,+0.3,148,-0.4,225,0.65,339,32.1,139,33.4,307,2014,0.25700872380347217,10,20,0.3333333333333333,30
179,Western Kentucky,SB,20-12,-0.97,101.1,242,102.1,114,64.4,190,+.113,6,-2.27,198,103.8,204,106.1,204,-1.14,193,,SB,64.4,190,101.1,242,47.6,258,20.3,292,34.4,72,41.9,121,102.1,114,48.5,121,18.9,131,28.1,37,43.1,238,64.4,190,66.3,190,18.8,253,17.1,39,101.1,242,100.8,252,102.1,114,100.8,87,76.1,262,-1.1,301,-1.2,295,-1.1,296,-0.1,186,-0.1,185,-0.5,229,1.66,134,38.3,33,56.8,125,2014,0.4717327009560812,20,12,0.625,32
131,Western Michigan,MAC,23-10,+3.36,106.3,152,103.0,130,65.2,151,+.098,10,-1.86,188,103.9,202,105.7,187,-3.25,261,14,MAC,65.2,151,106.3,152,52.0,66,20.9,317,31.0,184,51.4,15,103.0,130,47.6,90,18.5,157,32.0,207,34.7,58,65.2,151,66.5,168,18.4,225,17.6,118,106.3,152,105.6,151,103.0,130,101.2,94,76.9,140,-0.1,186,+1.3,50,-1.5,317,-0.2,200,+0.1,161,+1.4,69,1.36,222,23.0,316,54.4,155,2014,0.5896859867556065,23,10,0.696969696969697,33
6,Wichita St.,MVC,35-1,+25.36,117.8,17,92.4,11,63.5,243,-.009,205,+1.04,125,105.8,119,104.8,144,+2.89,79,1,MVC,63.5,243,117.8,17,52.4,50,16.2,51,35.0,55,46.9,41,92.4,11,44.7,18,18.2,177,26.2,7,35.7,78,63.5,243,64.3,278,18.3,214,18.8,309,117.8,17,115.9,7,92.4,11,92.5,11,76.5,182,+0.2,141,-0.2,192,+0.6,95,-0.2,194,-0.3,204,-0.8,243,1.03,305,29.1,205,48.4,208,2014,0.9422912099577504,35,1,0.9722222222222222,36
166,William & Mary,CAA,20-12,+0.12,112.6,50,112.4,305,63.5,242,+.095,12,-2.05,192,103.4,229,105.4,177,-1.89,215,,CAA,63.5,242,112.6,50,55.9,6,16.2,50,24.0,340,40.1,179,112.4,305,52.4,290,16.0,308,30.7,137,30.1,12,63.5,242,64.7,264,18.1,178,19.1,331,112.6,50,111.6,40,112.4,305,110.6,308,77.5,59,+0.3,135,+0.0,168,+0.5,108,+0.5,112,+1.4,46,+1.8,47,2.19,28,31.6,146,66.1,62,2014,0.5051109344380275,20,12,0.625,32
229,Winthrop,BSth,20-13,-5.41,103.2,210,108.6,241,64.3,199,+.060,51,-6.91,306,101.9,303,108.8,303,+0.45,148,,BSth,64.3,199,103.2,210,50.9,111,18.6,195,28.9,261,41.0,153,108.6,241,52.5,298,19.9,68,30.0,110,45.1,275,64.3,199,66.6,164,18.2,193,17.8,140,103.2,210,105.8,145,108.6,241,105.4,187,74.8,348,-1.6,331,-1.6,320,-1.6,320,+0.3,138,-2.1,336,-4.2,349,1.28,247,36.5,52,48.7,204,2014,0.3574315721836047,20,13,0.6060606060606061,33
5,Wisconsin,B10,30-8,+25.89,122.0,4,96.1,35,62.4,286,+.019,133,+11.44,3,110.2,13,98.8,2,+3.33,68,2,B10,62.4,286,122.0,4,53.3,32,12.7,2,28.1,278,42.6,99,96.1,35,47.2,76,15.3,325,27.4,15,27.1,3,62.4,286,63.3,315,20.5,342,17.4,85,122.0,4,115.7,8,96.1,35,100.6,83,76.9,133,+1.1,47,+1.9,21,+0.2,134,-1.3,310,-0.4,208,+0.8,118,1.70,123,20.7,331,47.7,215,2014,0.9395886334707635,30,8,0.7894736842105263,38
192,Wofford,SC,20-13,-1.94,100.6,252,102.6,125,60.5,337,+.025,125,-5.87,287,103.5,224,109.3,320,+7.63,22,15,SC,60.5,337,100.6,252,48.8,207,16.4,57,30.9,192,33.0,330,102.6,125,49.5,166,19.7,74,29.0,65,39.4,154,60.5,337,62.2,339,19.8,325,18.5,271,100.6,252,103.5,200,102.6,125,101.0,90,75.7,304,-1.4,320,-2.0,337,-0.8,276,-0.8,264,-0.9,273,-0.6,233,1.68,129,28.7,215,69.8,38,2014,0.44364416655470207,20,13,0.6060606060606061,33
133,Wright St.,Horz,21-15,+3.35,100.4,256,97.1,49,63.4,244,-.062,314,-2.58,206,103.9,200,106.5,219,-7.41,333,,Horz,63.4,244,100.4,256,51.2,102,20.3,296,23.7,344,43.0,95,97.1,49,48.6,124,23.6,6,29.4,82,45.0,272,63.4,244,65.7,212,18.0,173,18.4,258,100.4,256,100.9,249,97.1,49,95.9,22,76.4,210,+0.1,152,+0.5,113,-0.2,195,+0.6,102,-0.5,229,-1.7,294,1.84,86,39.9,19,73.3,25,2014,0.5949193260186206,21,15,0.5833333333333334,36
118,Wyoming,MWC,18-15,+4.99,105.5,171,100.5,88,59.4,346,-.053,303,+1.70,116,106.0,114,104.3,123,-4.87,297,,MWC,59.4,346,105.5,171,52.8,40,16.9,74,18.4,351,45.6,52,100.5,88,46.3,49,16.6,282,31.7,193,33.0,38,59.4,346,60.4,348,21.3,349,18.2,232,105.5,171,104.2,178,100.5,88,101.1,93,76.1,261,-1.0,288,-0.4,213,-1.6,321,-1.4,317,-0.7,241,+1.1,95,1.85,85,22.9,317,58.9,110,2014,0.6360734754083854,18,15,0.5454545454545454,33
52,Xavier,BE,21-13,+13.11,112.9,46,99.8,76,64.2,202,+.017,139,+7.89,37,109.1,38,101.2,44,+0.41,149,12,BE,64.2,202,112.9,46,51.7,80,18.7,203,34.1,81,41.6,132,99.8,76,49.4,153,16.9,257,28.7,53,39.5,155,64.2,202,65.7,213,18.0,171,18.3,243,112.9,46,108.6,80,99.8,76,103.2,127,77.0,124,+1.0,56,+0.7,94,+1.3,40,+0.1,166,-0.3,198,-0.0,174,1.78,108,30.1,178,56.0,138,2014,0.8050787252464191,21,13,0.6176470588235294,34
153,Yale,Ivy,19-14,+1.29,102.8,219,101.5,106,63.5,238,+.080,22,+0.85,129,105.6,127,104.7,142,+1.83,105,,Ivy,63.5,238,102.8,219,46.2,313,19.7,267,35.1,53,50.4,19,101.5,106,50.3,197,18.6,153,26.9,10,41.1,188,63.5,238,64.8,256,18.7,248,18.3,248,102.8,219,101.8,235,101.5,106,102.6,111,77.8,46,-0.4,219,-1.0,272,+0.2,134,+1.3,45,+2.1,18,+2.6,19,1.16,279,33.8,99,59.8,103,2014,0.5365236731213955,19,14,0.5757575757575758,33
186,Youngstown St.,Horz,15-17,-1.33,107.9,123,109.3,252,66.0,105,-.053,301,-0.58,162,104.6,168,105.2,164,-2.59,232,,Horz,66.0,105,107.9,123,52.2,60,16.1,47,25.0,329,39.9,180,109.3,252,52.2,286,18.6,154,30.5,126,41.2,191,66.0,105,68.4,86,16.3,28,19.0,320,107.9,123,106.9,124,109.3,252,108.3,261,76.2,249,+0.4,122,+0.7,95,+0.1,164,+0.5,117,-2.6,345,-1.3,267,1.81,94,19.8,338,66.6,53,2014,0.4630046063551314,15,17,0.46875,32
